
 IP LIN 

# Theta axis in degrees: 
XA 0.0 5.0 10.0 15.0 20.0 25.0 30.0 35.0 40.0 45.0 50.0 55.0 60.0 65.0 70.0 75.0 80.0 85.0 90.0 90.0001 180.0 
# Energy axis in keV: 
YA 50.0 60.0 80.0 100.0 150.0 200.0 300.0 400.0 500.0 600.0 800.0 1000.0 1022.0 1250.0 1500.0 2000.0 2044.0 3000.0 4000.0 5000.0 6000.0 7000.0 8000.0 9000.0 10000.0 

AP 0 0 0.0316503997741
AP 0 1 0.0438409932022
AP 0 2 0.0618592758764
AP 0 3 0.0754175747813
AP 0 4 0.102725880289
AP 0 5 0.126085502174
AP 0 6 0.166346664877
AP 0 7 0.201043026505
AP 0 8 0.231425755452
AP 0 9 0.258380368497
AP 0 10 0.304709062208
AP 0 11 0.34364459621
AP 0 12 0.347416577898
AP 0 13 0.384637323149
AP 0 14 0.419246074416
AP 0 15 0.473770939732
AP 0 16 0.478006907361
AP 0 17 0.548032505785
AP 0 18 0.596340784787
AP 0 19 0.630112977341
AP 0 20 0.654819191066
AP 0 21 0.673671304319
AP 0 22 0.688425815852
AP 0 23 0.700202991965
AP 0 24 0.709793472835
AP 1 0 0.0312366030464
AP 1 1 0.0433215789213
AP 1 2 0.0612066480807
AP 1 3 0.0746782876592
AP 1 4 0.101838772325
AP 1 5 0.125094316815
AP 1 6 0.165213374875
AP 1 7 0.199817576356
AP 1 8 0.230138520185
AP 1 9 0.257051118835
AP 1 10 0.303332076735
AP 1 11 0.342248477826
AP 1 12 0.346019531235
AP 1 13 0.383239229789
AP 1 14 0.41785937175
AP 1 15 0.472423980627
AP 1 16 0.476664075528
AP 1 17 0.54677776993
AP 1 18 0.595167037273
AP 1 19 0.62900480259
AP 1 20 0.65376338732
AP 1 21 0.672657864875
AP 1 22 0.687446941445
AP 1 23 0.699252575963
AP 1 24 0.708866790978
AP 2 0 0.0300122143125
AP 2 1 0.0417808349896
AP 2 2 0.0592656351263
AP 2 3 0.0724761926365
AP 2 4 0.0991900955887
AP 2 5 0.122130234699
AP 2 6 0.16181712013
AP 2 7 0.196139788984
AP 2 8 0.226271126853
AP 2 9 0.253054115395
AP 2 10 0.299186283646
AP 2 11 0.338041193877
AP 2 12 0.341809096645
AP 2 13 0.379022343426
AP 2 14 0.413674070837
AP 2 15 0.46835480949
AP 2 16 0.47260709527
AP 2 17 0.54298295949
AP 2 18 0.591614860262
AP 2 19 0.62564965091
AP 2 20 0.650565850364
AP 2 21 0.6695879595
AP 2 22 0.684481246118
AP 2 23 0.696372725319
AP 2 24 0.706058563201
AP 3 0 0.0280286950948
AP 3 1 0.0392720824142
AP 3 2 0.0560880844982
AP 3 3 0.0688600494577
AP 3 4 0.0948195329777
AP 3 5 0.117223520922
AP 3 6 0.156170557619
AP 3 7 0.190006993742
AP 3 8 0.219807932017
AP 3 9 0.246362780683
AP 3 10 0.292227909516
AP 3 11 0.330966296333
AP 3 12 0.33472768992
AP 3 13 0.371918766155
AP 3 14 0.406614175181
AP 3 15 0.461477638751
AP 3 16 0.465749571191
AP 3 17 0.536554820133
AP 3 18 0.585589749611
AP 3 19 0.619953811669
AP 3 20 0.645134309344
AP 3 21 0.664370900015
AP 3 22 0.679439570587
AP 3 23 0.691475682984
AP 3 24 0.701282293052
AP 4 0 0.0253730780279
AP 4 1 0.0358866794619
AP 4 2 0.0517642957987
AP 4 3 0.0639157832856
AP 4 4 0.0887988630343
AP 4 5 0.110430628238
AP 4 6 0.148300718
AP 4 7 0.181420110398
AP 4 8 0.210727488088
AP 4 9 0.236936648711
AP 4 10 0.282386285927
AP 4 11 0.320930617003
AP 4 12 0.324680115052
AP 4 13 0.361814799278
AP 4 14 0.396551310648
AP 4 15 0.451646073551
AP 4 16 0.455943973138
AP 4 17 0.527332627805
AP 4 18 0.576928008053
AP 4 19 0.611754466185
AP 4 20 0.637308119482
AP 4 21 0.656848565619
AP 4 22 0.672166289298
AP 4 23 0.684408141408
AP 4 24 0.694386773864
AP 5 0 0.0221693815468
AP 5 1 0.0317573988257
AP 5 2 0.0464287304698
AP 5 3 0.0577735383916
AP 5 4 0.0812408328077
AP 5 5 0.101843872253
AP 5 6 0.138258871074
AP 5 7 0.170392813175
AP 5 8 0.199010640548
AP 5 9 0.224728266058
AP 5 10 0.269568341712
AP 5 11 0.307806550387
AP 5 12 0.311535629123
AP 5 13 0.348550855437
AP 5 14 0.383302678457
AP 5 15 0.438648186554
AP 5 16 0.44297650206
AP 5 17 0.515079999841
AP 5 18 0.565386967362
AP 5 19 0.600809090485
AP 5 20 0.626847229298
AP 5 21 0.64678413527
AP 5 22 0.66242791967
AP 5 23 0.674939792542
AP 5 24 0.685144616518
AP 6 0 0.0185794072339
AP 6 1 0.0270621630196
AP 6 2 0.0402674542674
AP 6 3 0.0506173753669
AP 6 4 0.0723121323628
AP 6 5 0.0916060714506
AP 6 6 0.126136130489
AP 6 7 0.156966515317
AP 6 8 0.184654171551
AP 6 9 0.209695184421
AP 6 10 0.253667060198
AP 6 11 0.291437124414
AP 6 12 0.295132673427
AP 6 13 0.331922790372
AP 6 14 0.366629228904
AP 6 15 0.422199947926
AP 6 16 0.426560170636
AP 6 17 0.499472776736
AP 6 18 0.550630069796
AP 6 19 0.58677903878
AP 6 20 0.613414932026
AP 6 21 0.633844362957
AP 6 22 0.649895124275
AP 6 23 0.662745176488
AP 6 24 0.673234016192
AP 7 0 0.0148014181999
AP 7 1 0.0220267186789
AP 7 2 0.0335262912881
AP 7 3 0.0426969927673
AP 7 4 0.0622507317317
AP 7 5 0.0799311305685
AP 7 6 0.112086795525
AP 7 7 0.141233782216
AP 7 8 0.167692927957
AP 7 9 0.191820127144
AP 7 10 0.234576946487
AP 7 11 0.271646639804
AP 7 12 0.275289016459
AP 7 13 0.311686978967
AP 7 14 0.346235889593
AP 7 15 0.401937945437
AP 7 16 0.406326959816
AP 7 17 0.480082598166
AP 7 18 0.532205621549
AP 7 19 0.569205608991
AP 7 20 0.596552368842
AP 7 21 0.617573136288
AP 7 22 0.634115687109
AP 7 23 0.647376295387
AP 7 24 0.658211140093
AP 8 0 0.0110642540053
AP 8 1 0.0169236364264
AP 8 2 0.0265173812787
AP 8 3 0.0343396450905
AP 8 4 0.0513870106625
AP 8 5 0.0671311554588
AP 8 6 0.0963618389018
AP 8 7 0.123373808004
AP 8 8 0.148234832778
AP 8 9 0.171144162547
AP 8 10 0.212221580691
AP 8 11 0.248261723613
AP 8 12 0.25182211349
AP 8 13 0.287573384484
AP 8 14 0.321777368209
AP 8 15 0.377413470057
AP 8 16 0.38182100365
AP 8 17 0.45635598819
AP 8 18 0.509517565098
AP 8 19 0.547475982801
AP 8 20 0.575641539373
AP 8 21 0.597352631863
AP 8 22 0.614474462145
AP 8 23 0.628221760424
AP 8 24 0.639468731479
AP 9 0 0.00761344422064
AP 9 1 0.0120634321179
AP 9 2 0.0196197989219
AP 9 3 0.0259583423471
AP 9 4 0.0401664155194
AP 9 5 0.0536496530522
AP 9 6 0.0793553499178
AP 9 7 0.103705250776
AP 9 8 0.126515827321
AP 9 9 0.147821101238
AP 9 10 0.186602613403
AP 9 11 0.221152295456
AP 9 12 0.22458915818
AP 9 13 0.259315552285
AP 9 14 0.292877493349
AP 9 15 0.348093697232
AP 9 16 0.352498330445
AP 9 17 0.42759076386
AP 9 18 0.481787348166
AP 9 19 0.520776259492
AP 9 20 0.549852757169
AP 9 21 0.572347091465
AP 9 22 0.590134650901
AP 9 23 0.604446330367
AP 9 24 0.616174407368
AP 10 0 0.00468494767683
AP 10 1 0.00777127597885
AP 10 2 0.0132660644316
AP 10 3 0.0180479274204
AP 10 4 0.0291665906239
AP 10 5 0.0400961433845
AP 10 6 0.0616645184184
AP 10 7 0.0827616925841
AP 10 8 0.102983711185
AP 10 9 0.122204856307
AP 10 10 0.157885326375
AP 10 11 0.190308966112
AP 10 12 0.193563411125
AP 10 13 0.226714117688
AP 10 14 0.259177713221
AP 10 15 0.313382431011
AP 10 16 0.317745311808
AP 10 17 0.39291562898
AP 10 18 0.448007688434
AP 10 19 0.488028775988
AP 10 20 0.518071174836
AP 10 21 0.541421968508
AP 10 22 0.559951761474
AP 10 23 0.574901133365
AP 10 24 0.587178118571
AP 11 0 0.00246280208091
AP 11 1 0.00434079169083
AP 11 2 0.00790068483783
AP 11 3 0.0111526587493
AP 11 4 0.0190910690032
AP 11 5 0.0272658450994
AP 11 6 0.0441534209034
AP 11 7 0.0613875755164
AP 11 8 0.0784156174482
AP 11 9 0.0949802307113
AP 11 10 0.126539306139
AP 11 11 0.155979908856
AP 11 12 0.158970156582
AP 11 13 0.189759031835
AP 11 14 0.220439715622
AP 11 15 0.27268143294
AP 11 16 0.276936370039
AP 11 17 0.351282938104
AP 11 18 0.406888750447
AP 11 19 0.447807135634
AP 11 20 0.478790597146
AP 11 21 0.503022783666
AP 11 22 0.522341653822
AP 11 23 0.537983722227
AP 11 24 0.550866156045
AP 12 0 0.00102498733695
AP 12 1 0.00196237071427
AP 12 2 0.00389795521975
AP 12 3 0.00578629627588
AP 12 4 0.0107133159778
AP 12 5 0.0161177144909
AP 12 6 0.0280028363503
AP 12 7 0.0408512551087
AP 12 8 0.054081010299
AP 12 9 0.0673631906775
AP 12 10 0.0935833620087
AP 12 11 0.118932372042
AP 12 12 0.121548787303
AP 12 13 0.148887703101
AP 12 14 0.176785025096
AP 12 15 0.225575344239
AP 12 16 0.229613522666
AP 12 17 0.301541728295
AP 12 18 0.356845425193
AP 12 19 0.398262173967
AP 12 20 0.429995660665
AP 12 21 0.455025254831
AP 12 22 0.475106757479
AP 12 23 0.491446116388
AP 12 24 0.504955080401
AP 13 0 0.000294826595456
AP 13 1 0.000634879354128
AP 13 2 0.00142792124922
AP 13 3 0.00227680797302
AP 13 4 0.0047128062111
AP 13 5 0.00763431853525
AP 13 6 0.0146587809499
AP 13 7 0.0228976488361
AP 13 8 0.031892382035
AP 13 9 0.04133625565
AP 13 10 0.0609472300117
AP 13 11 0.0808911425928
AP 13 12 0.0829969932453
AP 13 13 0.105468034321
AP 13 14 0.129184370037
AP 13 15 0.172273125738
AP 13 16 0.175921272965
AP 13 17 0.242713144961
AP 13 18 0.296118322678
AP 13 19 0.33712221293
AP 13 20 0.369070898985
AP 13 21 0.394574863804
AP 13 22 0.415222119066
AP 13 23 0.432139099492
AP 13 24 0.446202881958
AP 14 0 4.48224998837e-05
AP 14 1 0.000115295433517
AP 14 2 0.000312891294822
AP 14 3 0.000555862209475
AP 14 4 0.00136186127357
AP 14 5 0.00246698587851
AP 14 6 0.00550993903622
AP 14 7 0.00954382134268
AP 14 8 0.0143536352669
AP 14 9 0.0197564061625
AP 14 10 0.0318716097638
AP 14 11 0.0451689739647
AP 14 12 0.0466216809024
AP 14 13 0.0626265967204
AP 14 14 0.0804007142285
AP 14 15 0.114613076508
AP 14 16 0.117609887636
AP 14 17 0.17482654138
AP 14 18 0.223353843297
AP 14 19 0.262039311514
AP 14 20 0.292954829326
AP 14 21 0.318086096927
AP 14 22 0.338710444073
AP 14 23 0.355787267719
AP 14 24 0.370102615387
AP 15 0 1.95948526117e-06
AP 15 1 6.77210889561e-06
AP 15 2 2.51098440546e-05
AP 15 3 5.33869471908e-05
AP 15 4 0.000173083259008
AP 15 5 0.000377529521841
AP 15 6 0.00108398476797
AP 15 7 0.00222934886175
AP 15 8 0.00380910741519
AP 15 9 0.00579350846922
AP 15 10 0.0108533559551
AP 15 11 0.0171529825686
AP 15 12 0.0178807164883
AP 15 13 0.026340400012
AP 15 14 0.0365629472928
AP 15 15 0.0582301931409
AP 15 16 0.0602368241885
AP 15 17 0.101354814374
AP 15 18 0.139793512575
AP 15 19 0.172403560506
AP 15 20 0.199581879534
AP 15 21 0.222350859513
AP 15 22 0.241463635348
AP 15 23 0.257567646494
AP 15 24 0.27125546294
AP 16 0 4.41917859056e-09
AP 16 1 2.71437733058e-08
AP 16 2 1.84798284118e-07
AP 16 3 5.57438312339e-07
AP 16 4 3.11809959305e-06
AP 16 5 9.76434378252e-06
AP 16 6 4.57223752147e-05
AP 16 7 0.000131370303713
AP 16 8 0.00028775486811
AP 16 9 0.000531608049487
AP 16 10 0.0013323923836
AP 16 11 0.00260364823806
AP 16 12 0.00276691223042
AP 16 13 0.00487805286563
AP 16 14 0.00788327376738
AP 16 15 0.0155787653643
AP 16 16 0.0163707980256
AP 16 17 0.0350624941762
AP 16 18 0.0561357284699
AP 16 19 0.0762998698591
AP 16 20 0.0945320526699
AP 16 21 0.110726884484
AP 16 22 0.124931764295
AP 16 23 0.137313970898
AP 16 24 0.148125380866
AP 17 0 4.16252073559e-16
AP 17 1 1.17663786115e-14
AP 17 2 4.01993159583e-13
AP 17 3 3.06873849176e-12
AP 17 4 7.30193078263e-11
AP 17 5 5.97176020854e-10
AP 17 6 1.02433943827e-08
AP 17 7 7.14964784425e-08
AP 17 8 3.02817195444e-07
AP 17 9 9.37399684654e-07
AP 17 10 5.08797579774e-06
AP 17 11 1.74652358078e-05
AP 17 12 1.95343978781e-05
AP 17 13 5.54804545421e-05
AP 17 14 0.000134248058764
AP 17 15 0.000470451070044
AP 17 16 0.000515422065379
AP 17 17 0.00209461799354
AP 17 18 0.00498186524589
AP 17 19 0.0087652460406
AP 17 20 0.0130039638749
AP 17 21 0.0173981171482
AP 17 22 0.0217272777464
AP 17 23 0.0258560381368
AP 17 24 0.0297274000547
AP 18 0 5.52865345573e-58
AP 18 1 1.39736529672e-52
AP 18 2 7.15053709942e-47
AP 18 3 1.38201032621e-43
AP 18 4 1.83955453569e-38
AP 18 5 4.59495194143e-35
AP 18 6 1.80864304496e-30
AP 18 7 2.50444269925e-27
AP 18 8 5.40070730379e-25
AP 18 9 3.62526558623e-23
AP 18 10 1.96835680264e-20
AP 18 11 1.94127265111e-18
AP 18 12 2.94513033982e-18
AP 18 13 1.43466037866e-16
AP 18 14 3.84945040053e-15
AP 18 15 4.10015376031e-13
AP 18 16 5.75969415249e-13
AP 18 17 1.06488216752e-10
AP 18 18 2.67979922762e-09
AP 18 19 2.19556779246e-08
AP 18 20 9.53426308936e-08
AP 18 21 2.81795393125e-07
AP 18 22 6.44443672385e-07
AP 18 23 1.23156988649e-06
AP 18 24 2.07030970354e-06
AP 19 0 0 
AP 19 1 0 
AP 19 2 0 
AP 19 3 0 
AP 19 4 0 
AP 19 5 0 
AP 19 6 0 
AP 19 7 0 
AP 19 8 0 
AP 19 9 0 
AP 19 10 0 
AP 19 11 0 
AP 19 12 0 
AP 19 13 0 
AP 19 14 0 
AP 19 15 0 
AP 19 16 0 
AP 19 17 0 
AP 19 18 0 
AP 19 19 0 
AP 19 20 0 
AP 19 21 0 
AP 19 22 0 
AP 19 23 0 
AP 19 24 0 
AP 20 0 0 
AP 20 1 0 
AP 20 2 0 
AP 20 3 0 
AP 20 4 0 
AP 20 5 0 
AP 20 6 0 
AP 20 7 0 
AP 20 8 0 
AP 20 9 0 
AP 20 10 0 
AP 20 11 0 
AP 20 12 0 
AP 20 13 0 
AP 20 14 0 
AP 20 15 0 
AP 20 16 0 
AP 20 17 0 
AP 20 18 0 
AP 20 19 0 
AP 20 20 0 
AP 20 21 0 
AP 20 22 0 
AP 20 23 0 
AP 20 24 0 
EN