0.0  0.000E+00  1.891E+19  5.073E+18 1.163E-03  298.8  1027  1.269E+14  2.262E+17  0.000E+00  0.000E+00  0.000E+00
0.2  0.000E+00  1.857E+19  4.983E+18 1.143E-03  297.3  1027  1.246E+14  2.222E+17  0.000E+00  0.000E+00  0.000E+00
0.4  0.000E+00  1.824E+19  4.893E+18 1.122E-03  295.9  1027  1.224E+14  2.182E+17  0.000E+00  0.000E+00  0.000E+00
0.6  0.000E+00  1.791E+19  4.804E+18 1.102E-03  294.5  1027  1.202E+14  2.142E+17  0.000E+00  0.000E+00  0.000E+00
0.8  0.000E+00  1.758E+19  4.715E+18 1.081E-03  293.2  1027  1.179E+14  2.102E+17  0.000E+00  0.000E+00  0.000E+00
1.0  0.000E+00  1.725E+19  4.627E+18 1.061E-03  291.9  1027  1.157E+14  2.063E+17  0.000E+00  0.000E+00  0.000E+00
1.2  0.000E+00  1.692E+19  4.539E+18 1.041E-03  290.7  1027  1.135E+14  2.024E+17  0.000E+00  0.000E+00  0.000E+00
1.4  0.000E+00  1.660E+19  4.452E+18 1.021E-03  289.5  1027  1.114E+14  1.985E+17  0.000E+00  0.000E+00  0.000E+00
1.6  0.000E+00  1.628E+19  4.366E+18 1.001E-03  288.3  1027  1.092E+14  1.947E+17  0.000E+00  0.000E+00  0.000E+00
1.8  0.000E+00  1.596E+19  4.281E+18 9.818E-04  287.2  1027  1.071E+14  1.909E+17  0.000E+00  0.000E+00  0.000E+00
2.0  0.000E+00  1.564E+19  4.197E+18 9.625E-04  286.0  1027  1.050E+14  1.871E+17  0.000E+00  0.000E+00  0.000E+00
2.2  0.000E+00  1.533E+19  4.114E+18 9.435E-04  285.0  1027  1.029E+14  1.834E+17  0.000E+00  0.000E+00  0.000E+00
2.4  0.000E+00  1.503E+19  4.032E+18 9.246E-04  283.9  1027  1.009E+14  1.798E+17  0.000E+00  0.000E+00  0.000E+00
2.6  0.000E+00  1.473E+19  3.951E+18 9.060E-04  282.8  1027  9.883E+13  1.762E+17  0.000E+00  0.000E+00  0.000E+00
2.8  0.000E+00  1.443E+19  3.871E+18 8.877E-04  281.8  1027  9.683E+13  1.726E+17  0.000E+00  0.000E+00  0.000E+00
3.0  0.000E+00  1.414E+19  3.792E+18 8.697E-04  280.8  1027  9.486E+13  1.691E+17  0.000E+00  0.000E+00  0.000E+00
3.2  0.000E+00  1.385E+19  3.715E+18 8.519E-04  279.7  1027  9.292E+13  1.656E+17  0.000E+00  0.000E+00  0.000E+00
3.4  0.000E+00  1.356E+19  3.638E+18 8.344E-04  278.7  1027  9.101E+13  1.622E+17  0.000E+00  0.000E+00  0.000E+00
3.6  0.000E+00  1.328E+19  3.563E+18 8.172E-04  277.7  1027  8.913E+13  1.589E+17  0.000E+00  0.000E+00  0.000E+00
3.8  0.000E+00  1.301E+19  3.489E+18 8.003E-04  276.7  1027  8.729E+13  1.556E+17  0.000E+00  0.000E+00  0.000E+00
4.0  0.000E+00  1.274E+19  3.417E+18 7.836E-04  275.7  1027  8.547E+13  1.523E+17  0.000E+00  0.000E+00  0.000E+00
4.2  0.000E+00  1.247E+19  3.346E+18 7.673E-04  274.7  1027  8.369E+13  1.492E+17  0.000E+00  0.000E+00  0.000E+00
4.4  0.000E+00  1.221E+19  3.276E+18 7.512E-04  273.7  1027  8.194E+13  1.461E+17  0.000E+00  0.000E+00  0.000E+00
4.6  0.000E+00  1.195E+19  3.207E+18 7.355E-04  272.7  1027  8.022E+13  1.430E+17  0.000E+00  0.000E+00  0.000E+00
4.8  0.000E+00  1.170E+19  3.140E+18 7.200E-04  271.7  1027  7.853E+13  1.400E+17  0.000E+00  0.000E+00  0.000E+00
5.0  0.000E+00  1.146E+19  3.073E+18 7.049E-04  270.7  1027  7.688E+13  1.370E+17  0.000E+00  0.000E+00  0.000E+00
5.2  0.000E+00  1.121E+19  3.009E+18 6.900E-04  269.6  1027  7.526E+13  1.341E+17  0.000E+00  0.000E+00  0.000E+00
5.4  0.000E+00  1.098E+19  2.945E+18 6.754E-04  268.6  1027  7.367E+13  1.313E+17  0.000E+00  0.000E+00  0.000E+00
5.6  0.000E+00  1.075E+19  2.883E+18 6.611E-04  267.5  1027  7.211E+13  1.285E+17  0.000E+00  0.000E+00  0.000E+00
5.8  0.000E+00  1.052E+19  2.822E+18 6.471E-04  266.4  1027  7.059E+13  1.258E+17  0.000E+00  0.000E+00  0.000E+00
6.0  0.000E+00  1.030E+19  2.762E+18 6.334E-04  265.3  1027  6.909E+13  1.232E+17  0.000E+00  0.000E+00  0.000E+00
6.2  0.000E+00  1.008E+19  2.704E+18 6.200E-04  264.2  1027  6.763E+13  1.205E+17  0.000E+00  0.000E+00  0.000E+00
6.4  0.000E+00  9.864E+18  2.646E+18 6.069E-04  263.0  1027  6.619E+13  1.180E+17  0.000E+00  0.000E+00  0.000E+00
6.6  0.000E+00  9.655E+18  2.590E+18 5.940E-04  261.8  1027  6.479E+13  1.155E+17  0.000E+00  0.000E+00  0.000E+00
6.8  0.000E+00  9.450E+18  2.535E+18 5.814E-04  260.6  1027  6.342E+13  1.130E+17  0.000E+00  0.000E+00  0.000E+00
7.0  0.000E+00  9.250E+18  2.481E+18 5.691E-04  259.4  1027  6.207E+13  1.106E+17  0.000E+00  0.000E+00  0.000E+00
7.2  0.000E+00  9.054E+18  2.429E+18 5.570E-04  258.2  1027  6.076E+13  1.083E+17  0.000E+00  0.000E+00  0.000E+00
7.4  0.000E+00  8.862E+18  2.377E+18 5.452E-04  256.9  1027  5.947E+13  1.060E+17  0.000E+00  0.000E+00  0.000E+00
7.6  0.000E+00  8.674E+18  2.327E+18 5.337E-04  255.6  1027  5.821E+13  1.038E+17  0.000E+00  0.000E+00  0.000E+00
7.8  0.000E+00  8.490E+18  2.278E+18 5.224E-04  254.2  1027  5.698E+13  1.016E+17  0.000E+00  0.000E+00  0.000E+00
8.0  0.000E+00  8.311E+18  2.229E+18 5.113E-04  252.9  1027  5.577E+13  9.941E+16  0.000E+00  0.000E+00  0.000E+00
8.2  0.000E+00  8.135E+18  2.182E+18 5.005E-04  251.5  1027  5.459E+13  9.730E+16  0.000E+00  0.000E+00  0.000E+00
8.4  0.000E+00  7.963E+18  2.136E+18 4.899E-04  250.0  1027  5.343E+13  9.524E+16  0.000E+00  0.000E+00  0.000E+00
8.6  0.000E+00  7.794E+18  2.091E+18 4.795E-04  248.6  1027  5.230E+13  9.323E+16  0.000E+00  0.000E+00  0.000E+00
8.8  0.000E+00  7.629E+18  2.047E+18 4.694E-04  247.1  1027  5.120E+13  9.126E+16  0.000E+00  0.000E+00  0.000E+00
9.0  0.000E+00  7.468E+18  2.003E+18 4.595E-04  245.5  1027  5.012E+13  8.933E+16  0.000E+00  0.000E+00  0.000E+00
9.2  0.000E+00  7.310E+18  1.961E+18 4.498E-04  244.0  1027  4.906E+13  8.744E+16  0.000E+00  0.000E+00  0.000E+00
9.4  0.000E+00  7.156E+18  1.920E+18 4.403E-04  242.4  1027  4.802E+13  8.560E+16  0.000E+00  0.000E+00  0.000E+00
9.6  0.000E+00  7.005E+18  1.879E+18 4.310E-04  240.8  1027  4.701E+13  8.379E+16  0.000E+00  0.000E+00  0.000E+00
9.8  0.000E+00  6.857E+18  1.839E+18 4.219E-04  239.1  1027  4.601E+13  8.202E+16  0.000E+00  0.000E+00  0.000E+00
10.0  0.000E+00  6.712E+18  1.801E+18 4.129E-04  237.4  1027  4.504E+13  8.028E+16  0.000E+00  0.000E+00  0.000E+00
10.2  0.000E+00  6.570E+18  1.762E+18 4.042E-04  235.7  1027  4.409E+13  7.858E+16  0.000E+00  0.000E+00  0.000E+00
10.4  0.000E+00  6.430E+18  1.725E+18 3.956E-04  233.9  1027  4.315E+13  7.691E+16  0.000E+00  0.000E+00  0.000E+00
10.6  0.000E+00  6.293E+18  1.688E+18 3.872E-04  232.1  1027  4.223E+13  7.528E+16  0.000E+00  0.000E+00  0.000E+00
10.8  0.000E+00  6.158E+18  1.652E+18 3.789E-04  230.4  1027  4.133E+13  7.366E+16  0.000E+00  0.000E+00  0.000E+00
11.0  0.000E+00  6.025E+18  1.616E+18 3.707E-04  228.6  1027  4.043E+13  7.207E+16  0.000E+00  0.000E+00  0.000E+00
11.2  0.000E+00  5.894E+18  1.581E+18 3.626E-04  226.8  1027  3.955E+13  7.050E+16  0.000E+00  0.000E+00  0.000E+00
11.4  0.000E+00  5.764E+18  1.546E+18 3.546E-04  225.1  1027  3.868E+13  6.894E+16  0.000E+00  0.000E+00  0.000E+00
11.6  0.000E+00  5.635E+18  1.512E+18 3.467E-04  223.3  1027  3.781E+13  6.740E+16  0.000E+00  0.000E+00  0.000E+00
11.8  0.000E+00  5.508E+18  1.478E+18 3.389E-04  221.6  1027  3.696E+13  6.588E+16  0.000E+00  0.000E+00  0.000E+00
12.0  0.000E+00  5.381E+18  1.444E+18 3.311E-04  220.0  1027  3.611E+13  6.437E+16  0.000E+00  0.000E+00  0.000E+00
12.2  0.000E+00  5.256E+18  1.410E+18 3.234E-04  218.4  1027  3.527E+13  6.287E+16  0.000E+00  0.000E+00  0.000E+00
12.4  0.000E+00  5.132E+18  1.377E+18 3.157E-04  216.8  1027  3.444E+13  6.138E+16  0.000E+00  0.000E+00  0.000E+00
12.6  0.000E+00  5.008E+18  1.344E+18 3.081E-04  215.3  1027  3.361E+13  5.990E+16  0.000E+00  0.000E+00  0.000E+00
12.8  0.000E+00  4.886E+18  1.311E+18 3.006E-04  213.8  1027  3.279E+13  5.844E+16  0.000E+00  0.000E+00  0.000E+00
13.0  0.000E+00  4.764E+18  1.278E+18 2.931E-04  212.4  1027  3.197E+13  5.698E+16  0.000E+00  0.000E+00  0.000E+00
13.2  0.000E+00  4.643E+18  1.246E+18 2.857E-04  211.0  1027  3.116E+13  5.554E+16  0.000E+00  0.000E+00  0.000E+00
13.4  0.000E+00  4.523E+18  1.213E+18 2.783E-04  209.8  1027  3.035E+13  5.411E+16  0.000E+00  0.000E+00  0.000E+00
13.6  0.000E+00  4.404E+18  1.182E+18 2.710E-04  208.5  1027  2.956E+13  5.268E+16  0.000E+00  0.000E+00  0.000E+00
13.8  0.000E+00  4.286E+18  1.150E+18 2.637E-04  207.4  1027  2.876E+13  5.127E+16  0.000E+00  0.000E+00  0.000E+00
14.0  0.000E+00  4.169E+18  1.119E+18 2.565E-04  206.4  1027  2.798E+13  4.987E+16  0.000E+00  0.000E+00  0.000E+00
14.2  0.000E+00  4.053E+18  1.087E+18 2.494E-04  205.4  1027  2.720E+13  4.848E+16  0.000E+00  0.000E+00  0.000E+00
14.4  0.000E+00  3.939E+18  1.057E+18 2.423E-04  204.5  1027  2.643E+13  4.711E+16  0.000E+00  0.000E+00  0.000E+00
14.6  0.000E+00  3.825E+18  1.026E+18 2.353E-04  203.7  1027  2.567E+13  4.575E+16  0.000E+00  0.000E+00  0.000E+00
14.8  0.000E+00  3.712E+18  9.959E+17 2.284E-04  203.0  1027  2.491E+13  4.440E+16  0.000E+00  0.000E+00  0.000E+00
15.0  0.000E+00  3.601E+18  9.661E+17 2.216E-04  202.4  1027  2.417E+13  4.307E+16  0.000E+00  0.000E+00  0.000E+00
15.2  0.000E+00  3.491E+18  9.366E+17 2.148E-04  201.8  1027  2.343E+13  4.176E+16  0.000E+00  0.000E+00  0.000E+00
15.4  0.000E+00  3.383E+18  9.075E+17 2.081E-04  201.4  1027  2.270E+13  4.046E+16  0.000E+00  0.000E+00  0.000E+00
15.6  0.000E+00  3.276E+18  8.789E+17 2.016E-04  201.1  1027  2.199E+13  3.919E+16  0.000E+00  0.000E+00  0.000E+00
15.8  0.000E+00  3.171E+18  8.508E+17 1.951E-04  200.8  1027  2.128E+13  3.793E+16  0.000E+00  0.000E+00  0.000E+00
16.0  0.000E+00  3.069E+18  8.232E+17 1.888E-04  200.7  1027  2.059E+13  3.671E+16  0.000E+00  0.000E+00  0.000E+00
16.2  0.000E+00  2.968E+18  7.963E+17 1.826E-04  200.6  1027  1.992E+13  3.550E+16  0.000E+00  0.000E+00  0.000E+00
16.4  0.000E+00  2.870E+18  7.699E+17 1.766E-04  200.6  1027  1.926E+13  3.433E+16  0.000E+00  0.000E+00  0.000E+00
16.6  0.000E+00  2.774E+18  7.442E+17 1.707E-04  200.6  1027  1.862E+13  3.318E+16  0.000E+00  0.000E+00  0.000E+00
16.8  0.000E+00  2.680E+18  7.191E+17 1.649E-04  200.7  1027  1.799E+13  3.206E+16  0.000E+00  0.000E+00  0.000E+00
17.0  0.000E+00  2.589E+18  6.947E+17 1.593E-04  200.9  1027  1.738E+13  3.097E+16  0.000E+00  0.000E+00  0.000E+00
17.2  0.000E+00  2.501E+18  6.709E+17 1.539E-04  201.1  1027  1.678E+13  2.991E+16  0.000E+00  0.000E+00  0.000E+00
17.4  0.000E+00  2.415E+18  6.478E+17 1.486E-04  201.4  1027  1.621E+13  2.889E+16  0.000E+00  0.000E+00  0.000E+00
17.6  0.000E+00  2.331E+18  6.254E+17 1.434E-04  201.7  1027  1.565E+13  2.789E+16  0.000E+00  0.000E+00  0.000E+00
17.8  0.000E+00  2.250E+18  6.037E+17 1.385E-04  202.0  1027  1.510E+13  2.692E+16  0.000E+00  0.000E+00  0.000E+00
18.0  0.000E+00  2.172E+18  5.827E+17 1.336E-04  202.4  1027  1.458E+13  2.598E+16  0.000E+00  0.000E+00  0.000E+00
18.2  0.000E+00  2.096E+18  5.623E+17 1.290E-04  202.9  1027  1.407E+13  2.507E+16  0.000E+00  0.000E+00  0.000E+00
18.4  0.000E+00  2.023E+18  5.426E+17 1.244E-04  203.3  1027  1.357E+13  2.419E+16  0.000E+00  0.000E+00  0.000E+00
18.6  0.000E+00  1.952E+18  5.236E+17 1.201E-04  203.8  1027  1.310E+13  2.335E+16  0.000E+00  0.000E+00  0.000E+00
18.8  0.000E+00  1.883E+18  5.052E+17 1.159E-04  204.3  1027  1.264E+13  2.253E+16  0.000E+00  0.000E+00  0.000E+00
19.0  0.000E+00  1.817E+18  4.875E+17 1.118E-04  204.9  1027  1.219E+13  2.174E+16  0.000E+00  0.000E+00  0.000E+00
19.2  0.000E+00  1.753E+18  4.704E+17 1.079E-04  205.4  1027  1.177E+13  2.097E+16  0.000E+00  0.000E+00  0.000E+00
19.4  0.000E+00  1.692E+18  4.539E+17 1.041E-04  206.0  1027  1.135E+13  2.024E+16  0.000E+00  0.000E+00  0.000E+00
19.6  0.000E+00  1.633E+18  4.380E+17 1.005E-04  206.6  1027  1.096E+13  1.953E+16  0.000E+00  0.000E+00  0.000E+00
19.8  0.000E+00  1.576E+18  4.227E+17 9.695E-05  207.2  1027  1.057E+13  1.885E+16  0.000E+00  0.000E+00  0.000E+00
20.0  0.000E+00  1.521E+18  4.080E+17 9.358E-05  207.7  1027  1.021E+13  1.819E+16  0.000E+00  0.000E+00  0.000E+00
20.2  0.000E+00  1.468E+18  3.939E+17 9.033E-05  208.3  1027  9.853E+12  1.756E+16  0.000E+00  0.000E+00  0.000E+00
20.4  0.000E+00  1.417E+18  3.803E+17 8.721E-05  208.9  1027  9.512E+12  1.695E+16  0.000E+00  0.000E+00  0.000E+00
20.6  0.000E+00  1.369E+18  3.671E+17 8.420E-05  209.5  1027  9.184E+12  1.637E+16  0.000E+00  0.000E+00  0.000E+00
20.8  0.000E+00  1.322E+18  3.545E+17 8.131E-05  210.0  1027  8.869E+12  1.581E+16  0.000E+00  0.000E+00  0.000E+00
21.0  0.000E+00  1.276E+18  3.424E+17 7.853E-05  210.6  1027  8.565E+12  1.527E+16  0.000E+00  0.000E+00  0.000E+00
21.2  0.000E+00  1.233E+18  3.307E+17 7.585E-05  211.1  1027  8.273E+12  1.475E+16  0.000E+00  0.000E+00  0.000E+00
21.4  0.000E+00  1.191E+18  3.195E+17 7.327E-05  211.7  1027  7.991E+12  1.424E+16  0.000E+00  0.000E+00  0.000E+00
21.6  0.000E+00  1.150E+18  3.086E+17 7.078E-05  212.2  1027  7.720E+12  1.376E+16  0.000E+00  0.000E+00  0.000E+00
21.8  0.000E+00  1.112E+18  2.982E+17 6.839E-05  212.8  1027  7.459E+12  1.330E+16  0.000E+00  0.000E+00  0.000E+00
22.0  0.000E+00  1.074E+18  2.882E+17 6.609E-05  213.3  1027  7.208E+12  1.285E+16  0.000E+00  0.000E+00  0.000E+00
22.2  0.000E+00  1.038E+18  2.785E+17 6.387E-05  213.8  1027  6.966E+12  1.242E+16  0.000E+00  0.000E+00  0.000E+00
22.4  0.000E+00  1.003E+18  2.692E+17 6.173E-05  214.4  1027  6.733E+12  1.200E+16  0.000E+00  0.000E+00  0.000E+00
22.6  0.000E+00  9.698E+17  2.602E+17 5.967E-05  214.9  1027  6.508E+12  1.160E+16  0.000E+00  0.000E+00  0.000E+00
22.8  0.000E+00  9.375E+17  2.515E+17 5.768E-05  215.4  1027  6.292E+12  1.121E+16  0.000E+00  0.000E+00  0.000E+00
23.0  0.000E+00  9.064E+17  2.432E+17 5.577E-05  215.9  1027  6.083E+12  1.084E+16  0.000E+00  0.000E+00  0.000E+00
23.2  0.000E+00  8.764E+17  2.351E+17 5.392E-05  216.4  1027  5.882E+12  1.048E+16  0.000E+00  0.000E+00  0.000E+00
23.4  0.000E+00  8.475E+17  2.274E+17 5.214E-05  216.9  1027  5.688E+12  1.014E+16  0.000E+00  0.000E+00  0.000E+00
23.6  0.000E+00  8.197E+17  2.199E+17 5.043E-05  217.4  1027  5.501E+12  9.804E+15  0.000E+00  0.000E+00  0.000E+00
23.8  0.000E+00  7.928E+17  2.127E+17 4.878E-05  217.9  1027  5.320E+12  9.483E+15  0.000E+00  0.000E+00  0.000E+00
24.0  0.000E+00  7.669E+17  2.057E+17 4.718E-05  218.4  1027  5.146E+12  9.173E+15  0.000E+00  0.000E+00  0.000E+00
24.2  0.000E+00  7.419E+17  1.990E+17 4.564E-05  218.9  1027  4.978E+12  8.874E+15  0.000E+00  0.000E+00  0.000E+00
24.4  0.000E+00  7.178E+17  1.926E+17 4.416E-05  219.4  1027  4.817E+12  8.585E+15  0.000E+00  0.000E+00  0.000E+00
24.6  0.000E+00  6.945E+17  1.863E+17 4.273E-05  219.9  1027  4.661E+12  8.307E+15  0.000E+00  0.000E+00  0.000E+00
24.8  0.000E+00  6.720E+17  1.803E+17 4.135E-05  220.4  1027  4.510E+12  8.039E+15  0.000E+00  0.000E+00  0.000E+00
25.0  0.000E+00  6.504E+17  1.745E+17 4.001E-05  220.8  1027  4.364E+12  7.779E+15  0.000E+00  0.000E+00  0.000E+00
25.2  0.000E+00  6.295E+17  1.689E+17 3.873E-05  221.3  1027  4.224E+12  7.529E+15  0.000E+00  0.000E+00  0.000E+00
25.4  0.000E+00  6.093E+17  1.634E+17 3.749E-05  221.8  1027  4.089E+12  7.288E+15  0.000E+00  0.000E+00  0.000E+00
25.6  0.000E+00  5.898E+17  1.582E+17 3.629E-05  222.2  1027  3.958E+12  7.055E+15  0.000E+00  0.000E+00  0.000E+00
25.8  0.000E+00  5.710E+17  1.532E+17 3.513E-05  222.7  1027  3.832E+12  6.830E+15  0.000E+00  0.000E+00  0.000E+00
26.0  0.000E+00  5.528E+17  1.483E+17 3.401E-05  223.1  1027  3.710E+12  6.612E+15  0.000E+00  0.000E+00  0.000E+00
26.2  0.000E+00  5.353E+17  1.436E+17 3.293E-05  223.6  1027  3.592E+12  6.403E+15  0.000E+00  0.000E+00  0.000E+00
26.4  0.000E+00  5.183E+17  1.391E+17 3.189E-05  224.0  1027  3.478E+12  6.200E+15  0.000E+00  0.000E+00  0.000E+00
26.6  0.000E+00  5.020E+17  1.347E+17 3.088E-05  224.4  1027  3.369E+12  6.004E+15  0.000E+00  0.000E+00  0.000E+00
26.8  0.000E+00  4.862E+17  1.304E+17 2.991E-05  224.9  1027  3.262E+12  5.815E+15  0.000E+00  0.000E+00  0.000E+00
27.0  0.000E+00  4.709E+17  1.263E+17 2.897E-05  225.3  1027  3.160E+12  5.632E+15  0.000E+00  0.000E+00  0.000E+00
27.2  0.000E+00  4.561E+17  1.224E+17 2.806E-05  225.7  1027  3.061E+12  5.456E+15  0.000E+00  0.000E+00  0.000E+00
27.4  0.000E+00  4.419E+17  1.185E+17 2.719E-05  226.2  1027  2.965E+12  5.285E+15  0.000E+00  0.000E+00  0.000E+00
27.6  0.000E+00  4.281E+17  1.148E+17 2.634E-05  226.6  1027  2.873E+12  5.120E+15  0.000E+00  0.000E+00  0.000E+00
27.8  0.000E+00  4.148E+17  1.113E+17 2.552E-05  227.0  1027  2.783E+12  4.961E+15  0.000E+00  0.000E+00  0.000E+00
28.0  0.000E+00  4.019E+17  1.078E+17 2.473E-05  227.4  1027  2.697E+12  4.807E+15  0.000E+00  0.000E+00  0.000E+00
28.2  0.000E+00  3.894E+17  1.045E+17 2.396E-05  227.8  1027  2.613E+12  4.658E+15  0.000E+00  0.000E+00  0.000E+00
28.4  0.000E+00  3.774E+17  1.012E+17 2.322E-05  228.2  1027  2.533E+12  4.514E+15  0.000E+00  0.000E+00  0.000E+00
28.6  0.000E+00  3.658E+17  9.812E+16 2.250E-05  228.6  1027  2.455E+12  4.375E+15  0.000E+00  0.000E+00  0.000E+00
28.8  0.000E+00  3.545E+17  9.511E+16 2.181E-05  229.0  1027  2.379E+12  4.241E+15  0.000E+00  0.000E+00  0.000E+00
29.0  0.000E+00  3.436E+17  9.219E+16 2.114E-05  229.4  1027  2.306E+12  4.110E+15  0.000E+00  0.000E+00  0.000E+00
29.2  0.000E+00  3.331E+17  8.936E+16 2.049E-05  229.8  1027  2.235E+12  3.985E+15  0.000E+00  0.000E+00  0.000E+00
29.4  0.000E+00  3.229E+17  8.663E+16 1.987E-05  230.2  1027  2.167E+12  3.863E+15  0.000E+00  0.000E+00  0.000E+00
29.6  0.000E+00  3.131E+17  8.399E+16 1.926E-05  230.6  1027  2.101E+12  3.745E+15  0.000E+00  0.000E+00  0.000E+00
29.8  0.000E+00  3.036E+17  8.143E+16 1.868E-05  231.0  1027  2.037E+12  3.631E+15  0.000E+00  0.000E+00  0.000E+00
30.0  0.000E+00  2.943E+17  7.896E+16 1.811E-05  231.4  1027  1.975E+12  3.521E+15  0.000E+00  0.000E+00  0.000E+00
30.2  0.000E+00  2.854E+17  7.657E+16 1.756E-05  231.7  1027  1.915E+12  3.414E+15  0.000E+00  0.000E+00  0.000E+00
30.4  0.000E+00  2.768E+17  7.425E+16 1.703E-05  232.1  1027  1.857E+12  3.311E+15  0.000E+00  0.000E+00  0.000E+00
30.6  0.000E+00  2.684E+17  7.201E+16 1.651E-05  232.5  1027  1.801E+12  3.211E+15  0.000E+00  0.000E+00  0.000E+00
30.8  0.000E+00  2.603E+17  6.984E+16 1.602E-05  232.9  1027  1.747E+12  3.114E+15  0.000E+00  0.000E+00  0.000E+00
31.0  0.000E+00  2.525E+17  6.774E+16 1.554E-05  233.2  1027  1.695E+12  3.020E+15  0.000E+00  0.000E+00  0.000E+00
31.2  0.000E+00  2.449E+17  6.571E+16 1.507E-05  233.6  1027  1.644E+12  2.930E+15  0.000E+00  0.000E+00  0.000E+00
31.4  0.000E+00  2.376E+17  6.374E+16 1.462E-05  234.0  1027  1.594E+12  2.842E+15  0.000E+00  0.000E+00  0.000E+00
31.6  0.000E+00  2.305E+17  6.184E+16 1.418E-05  234.3  1027  1.547E+12  2.757E+15  0.000E+00  0.000E+00  0.000E+00
31.8  0.000E+00  2.236E+17  5.999E+16 1.376E-05  234.7  1027  1.501E+12  2.675E+15  0.000E+00  0.000E+00  0.000E+00
32.0  0.000E+00  2.170E+17  5.820E+16 1.335E-05  235.0  1027  1.456E+12  2.595E+15  0.000E+00  0.000E+00  0.000E+00
32.2  0.000E+00  2.105E+17  5.647E+16 1.295E-05  235.4  1027  1.413E+12  2.518E+15  0.000E+00  0.000E+00  0.000E+00
32.4  0.000E+00  2.043E+17  5.480E+16 1.257E-05  235.7  1027  1.371E+12  2.443E+15  0.000E+00  0.000E+00  0.000E+00
32.6  0.000E+00  1.982E+17  5.317E+16 1.219E-05  236.1  1027  1.330E+12  2.371E+15  0.000E+00  0.000E+00  0.000E+00
32.8  0.000E+00  1.923E+17  5.160E+16 1.183E-05  236.5  1027  1.291E+12  2.301E+15  0.000E+00  0.000E+00  0.000E+00
33.0  0.000E+00  1.866E+17  5.007E+16 1.148E-05  236.8  1027  1.253E+12  2.233E+15  0.000E+00  0.000E+00  0.000E+00
33.2  0.000E+00  1.811E+17  4.859E+16 1.114E-05  237.2  1027  1.216E+12  2.167E+15  0.000E+00  0.000E+00  0.000E+00
33.4  0.000E+00  1.758E+17  4.716E+16 1.081E-05  237.6  1027  1.180E+12  2.103E+15  0.000E+00  0.000E+00  0.000E+00
33.6  0.000E+00  1.706E+17  4.576E+16 1.050E-05  238.0  1027  1.145E+12  2.040E+15  0.000E+00  0.000E+00  0.000E+00
33.8  0.000E+00  1.656E+17  4.441E+16 1.019E-05  238.3  1027  1.111E+12  1.980E+15  0.000E+00  0.000E+00  0.000E+00
34.0  0.000E+00  1.607E+17  4.310E+16 9.885E-06  238.7  1027  1.078E+12  1.922E+15  0.000E+00  0.000E+00  0.000E+00
34.2  0.000E+00  1.559E+17  4.183E+16 9.594E-06  239.1  1027  1.046E+12  1.865E+15  0.000E+00  0.000E+00  0.000E+00
34.4  0.000E+00  1.514E+17  4.060E+16 9.312E-06  239.6  1027  1.016E+12  1.810E+15  0.000E+00  0.000E+00  0.000E+00
34.6  0.000E+00  1.469E+17  3.941E+16 9.038E-06  240.0  1027  9.858E+11  1.757E+15  0.000E+00  0.000E+00  0.000E+00
34.8  0.000E+00  1.426E+17  3.825E+16 8.773E-06  240.4  1027  9.569E+11  1.706E+15  0.000E+00  0.000E+00  0.000E+00
35.0  0.000E+00  1.384E+17  3.713E+16 8.516E-06  240.8  1027  9.288E+11  1.656E+15  0.000E+00  0.000E+00  0.000E+00
35.2  0.000E+00  1.344E+17  3.604E+16 8.266E-06  241.2  1027  9.016E+11  1.607E+15  0.000E+00  0.000E+00  0.000E+00
35.4  0.000E+00  1.304E+17  3.499E+16 8.024E-06  241.7  1027  8.753E+11  1.560E+15  0.000E+00  0.000E+00  0.000E+00
35.6  0.000E+00  1.266E+17  3.397E+16 7.790E-06  242.1  1027  8.497E+11  1.515E+15  0.000E+00  0.000E+00  0.000E+00
35.8  0.000E+00  1.229E+17  3.298E+16 7.563E-06  242.6  1027  8.249E+11  1.470E+15  0.000E+00  0.000E+00  0.000E+00
36.0  0.000E+00  1.193E+17  3.202E+16 7.342E-06  243.0  1027  8.009E+11  1.427E+15  0.000E+00  0.000E+00  0.000E+00
36.2  0.000E+00  1.159E+17  3.108E+16 7.129E-06  243.4  1027  7.775E+11  1.386E+15  0.000E+00  0.000E+00  0.000E+00
36.4  0.000E+00  1.125E+17  3.018E+16 6.921E-06  243.9  1027  7.549E+11  1.346E+15  0.000E+00  0.000E+00  0.000E+00
36.6  0.000E+00  1.092E+17  2.930E+16 6.721E-06  244.4  1027  7.330E+11  1.307E+15  0.000E+00  0.000E+00  0.000E+00
36.8  0.000E+00  1.061E+17  2.846E+16 6.526E-06  244.8  1027  7.118E+11  1.269E+15  0.000E+00  0.000E+00  0.000E+00
37.0  0.000E+00  1.030E+17  2.763E+16 6.337E-06  245.3  1027  6.912E+11  1.232E+15  0.000E+00  0.000E+00  0.000E+00
37.2  0.000E+00  1.000E+17  2.683E+16 6.154E-06  245.7  1027  6.712E+11  1.196E+15  0.000E+00  0.000E+00  0.000E+00
37.4  0.000E+00  9.714E+16  2.606E+16 5.977E-06  246.2  1027  6.519E+11  1.162E+15  0.000E+00  0.000E+00  0.000E+00
37.6  0.000E+00  9.435E+16  2.531E+16 5.805E-06  246.7  1027  6.331E+11  1.129E+15  0.000E+00  0.000E+00  0.000E+00
37.8  0.000E+00  9.163E+16  2.458E+16 5.638E-06  247.1  1027  6.149E+11  1.096E+15  0.000E+00  0.000E+00  0.000E+00
38.0  0.000E+00  8.901E+16  2.388E+16 5.476E-06  247.6  1027  5.973E+11  1.065E+15  0.000E+00  0.000E+00  0.000E+00
38.2  0.000E+00  8.646E+16  2.319E+16 5.319E-06  248.1  1027  5.802E+11  1.034E+15  0.000E+00  0.000E+00  0.000E+00
38.4  0.000E+00  8.399E+16  2.253E+16 5.167E-06  248.5  1027  5.636E+11  1.005E+15  0.000E+00  0.000E+00  0.000E+00
38.6  0.000E+00  8.159E+16  2.189E+16 5.020E-06  249.0  1027  5.475E+11  9.759E+14  0.000E+00  0.000E+00  0.000E+00
38.8  0.000E+00  7.927E+16  2.126E+16 4.877E-06  249.5  1027  5.319E+11  9.481E+14  0.000E+00  0.000E+00  0.000E+00
39.0  0.000E+00  7.701E+16  2.066E+16 4.738E-06  250.0  1027  5.168E+11  9.212E+14  0.000E+00  0.000E+00  0.000E+00
39.2  0.000E+00  7.483E+16  2.007E+16 4.604E-06  250.4  1027  5.022E+11  8.951E+14  0.000E+00  0.000E+00  0.000E+00
39.4  0.000E+00  7.271E+16  1.951E+16 4.473E-06  250.9  1027  4.879E+11  8.697E+14  0.000E+00  0.000E+00  0.000E+00
39.6  0.000E+00  7.066E+16  1.895E+16 4.347E-06  251.4  1027  4.741E+11  8.451E+14  0.000E+00  0.000E+00  0.000E+00
39.8  0.000E+00  6.866E+16  1.842E+16 4.224E-06  251.8  1027  4.608E+11  8.213E+14  0.000E+00  0.000E+00  0.000E+00
40.0  0.000E+00  6.673E+16  1.790E+16 4.106E-06  252.3  1027  4.478E+11  7.982E+14  0.000E+00  0.000E+00  0.000E+00
40.2  0.000E+00  6.486E+16  1.740E+16 3.990E-06  252.8  1027  4.352E+11  7.758E+14  0.000E+00  0.000E+00  0.000E+00
40.4  0.000E+00  6.304E+16  1.691E+16 3.879E-06  253.2  1027  4.231E+11  7.541E+14  0.000E+00  0.000E+00  0.000E+00
40.6  0.000E+00  6.128E+16  1.644E+16 3.770E-06  253.7  1027  4.112E+11  7.330E+14  0.000E+00  0.000E+00  0.000E+00
40.8  0.000E+00  5.957E+16  1.598E+16 3.665E-06  254.2  1027  3.998E+11  7.125E+14  0.000E+00  0.000E+00  0.000E+00
41.0  0.000E+00  5.791E+16  1.554E+16 3.563E-06  254.6  1027  3.886E+11  6.927E+14  0.000E+00  0.000E+00  0.000E+00
41.2  0.000E+00  5.630E+16  1.510E+16 3.464E-06  255.1  1027  3.778E+11  6.735E+14  0.000E+00  0.000E+00  0.000E+00
41.4  0.000E+00  5.474E+16  1.469E+16 3.368E-06  255.5  1027  3.674E+11  6.548E+14  0.000E+00  0.000E+00  0.000E+00
41.6  0.000E+00  5.323E+16  1.428E+16 3.275E-06  256.0  1027  3.572E+11  6.367E+14  0.000E+00  0.000E+00  0.000E+00
41.8  0.000E+00  5.176E+16  1.389E+16 3.185E-06  256.4  1027  3.474E+11  6.192E+14  0.000E+00  0.000E+00  0.000E+00
42.0  0.000E+00  5.034E+16  1.350E+16 3.097E-06  256.8  1027  3.378E+11  6.021E+14  0.000E+00  0.000E+00  0.000E+00
42.2  0.000E+00  4.896E+16  1.313E+16 3.012E-06  257.3  1027  3.285E+11  5.856E+14  0.000E+00  0.000E+00  0.000E+00
42.4  0.000E+00  4.762E+16  1.277E+16 2.930E-06  257.7  1027  3.196E+11  5.696E+14  0.000E+00  0.000E+00  0.000E+00
42.6  0.000E+00  4.632E+16  1.243E+16 2.850E-06  258.1  1027  3.108E+11  5.540E+14  0.000E+00  0.000E+00  0.000E+00
42.8  0.000E+00  4.506E+16  1.209E+16 2.772E-06  258.5  1027  3.024E+11  5.389E+14  0.000E+00  0.000E+00  0.000E+00
43.0  0.000E+00  4.383E+16  1.176E+16 2.697E-06  258.9  1027  2.942E+11  5.243E+14  0.000E+00  0.000E+00  0.000E+00
43.2  0.000E+00  4.265E+16  1.144E+16 2.624E-06  259.3  1027  2.862E+11  5.101E+14  0.000E+00  0.000E+00  0.000E+00
43.4  0.000E+00  4.149E+16  1.113E+16 2.553E-06  259.7  1027  2.784E+11  4.963E+14  0.000E+00  0.000E+00  0.000E+00
43.6  0.000E+00  4.037E+16  1.083E+16 2.484E-06  260.1  1027  2.709E+11  4.829E+14  0.000E+00  0.000E+00  0.000E+00
43.8  0.000E+00  3.929E+16  1.054E+16 2.417E-06  260.5  1027  2.637E+11  4.699E+14  0.000E+00  0.000E+00  0.000E+00
44.0  0.000E+00  3.823E+16  1.026E+16 2.352E-06  260.8  1027  2.566E+11  4.573E+14  0.000E+00  0.000E+00  0.000E+00
44.2  0.000E+00  3.721E+16  9.983E+15 2.289E-06  261.2  1027  2.497E+11  4.451E+14  0.000E+00  0.000E+00  0.000E+00
44.4  0.000E+00  3.622E+16  9.717E+15 2.228E-06  261.5  1027  2.431E+11  4.332E+14  0.000E+00  0.000E+00  0.000E+00
44.6  0.000E+00  3.526E+16  9.458E+15 2.169E-06  261.9  1027  2.366E+11  4.217E+14  0.000E+00  0.000E+00  0.000E+00
44.8  0.000E+00  3.432E+16  9.207E+15 2.112E-06  262.2  1027  2.303E+11  4.105E+14  0.000E+00  0.000E+00  0.000E+00
45.0  0.000E+00  3.341E+16  8.963E+15 2.056E-06  262.5  1027  2.242E+11  3.997E+14  0.000E+00  0.000E+00  0.000E+00
45.2  0.000E+00  3.253E+16  8.727E+15 2.001E-06  262.8  1027  2.183E+11  3.891E+14  0.000E+00  0.000E+00  0.000E+00
45.4  0.000E+00  3.167E+16  8.497E+15 1.949E-06  263.1  1027  2.126E+11  3.789E+14  0.000E+00  0.000E+00  0.000E+00
45.6  0.000E+00  3.084E+16  8.274E+15 1.898E-06  263.4  1027  2.070E+11  3.689E+14  0.000E+00  0.000E+00  0.000E+00
45.8  0.000E+00  3.004E+16  8.058E+15 1.848E-06  263.7  1027  2.016E+11  3.593E+14  0.000E+00  0.000E+00  0.000E+00
46.0  0.000E+00  2.925E+16  7.847E+15 1.800E-06  264.0  1027  1.963E+11  3.499E+14  0.000E+00  0.000E+00  0.000E+00
46.2  0.000E+00  2.849E+16  7.643E+15 1.753E-06  264.2  1027  1.912E+11  3.408E+14  0.000E+00  0.000E+00  0.000E+00
46.4  0.000E+00  2.775E+16  7.445E+15 1.707E-06  264.5  1027  1.862E+11  3.319E+14  0.000E+00  0.000E+00  0.000E+00
46.6  0.000E+00  2.703E+16  7.252E+15 1.663E-06  264.7  1027  1.814E+11  3.234E+14  0.000E+00  0.000E+00  0.000E+00
46.8  0.000E+00  2.634E+16  7.065E+15 1.620E-06  264.9  1027  1.767E+11  3.150E+14  0.000E+00  0.000E+00  0.000E+00
47.0  0.000E+00  2.566E+16  6.883E+15 1.579E-06  265.1  1027  1.722E+11  3.069E+14  0.000E+00  0.000E+00  0.000E+00
47.2  0.000E+00  2.500E+16  6.706E+15 1.538E-06  265.3  1027  1.678E+11  2.990E+14  0.000E+00  0.000E+00  0.000E+00
47.4  0.000E+00  2.436E+16  6.535E+15 1.499E-06  265.4  1027  1.635E+11  2.914E+14  0.000E+00  0.000E+00  0.000E+00
47.6  0.000E+00  2.374E+16  6.368E+15 1.460E-06  265.6  1027  1.593E+11  2.839E+14  0.000E+00  0.000E+00  0.000E+00
47.8  0.000E+00  2.313E+16  6.206E+15 1.423E-06  265.7  1027  1.552E+11  2.767E+14  0.000E+00  0.000E+00  0.000E+00
48.0  0.000E+00  2.255E+16  6.049E+15 1.387E-06  265.8  1027  1.513E+11  2.697E+14  0.000E+00  0.000E+00  0.000E+00
48.2  0.000E+00  2.198E+16  5.895E+15 1.352E-06  265.9  1027  1.475E+11  2.629E+14  0.000E+00  0.000E+00  0.000E+00
48.4  0.000E+00  2.142E+16  5.747E+15 1.318E-06  266.0  1027  1.438E+11  2.562E+14  0.000E+00  0.000E+00  0.000E+00
48.6  0.000E+00  2.088E+16  5.602E+15 1.285E-06  266.1  1027  1.401E+11  2.498E+14  0.000E+00  0.000E+00  0.000E+00
48.8  0.000E+00  2.036E+16  5.462E+15 1.253E-06  266.2  1027  1.366E+11  2.435E+14  0.000E+00  0.000E+00  0.000E+00
49.0  0.000E+00  1.985E+16  5.325E+15 1.221E-06  266.2  1027  1.332E+11  2.374E+14  0.000E+00  0.000E+00  0.000E+00
49.2  0.000E+00  1.935E+16  5.192E+15 1.191E-06  266.2  1027  1.299E+11  2.315E+14  0.000E+00  0.000E+00  0.000E+00
49.4  0.000E+00  1.887E+16  5.063E+15 1.161E-06  266.2  1027  1.266E+11  2.257E+14  0.000E+00  0.000E+00  0.000E+00
49.6  0.000E+00  1.840E+16  4.937E+15 1.132E-06  266.2  1027  1.235E+11  2.201E+14  0.000E+00  0.000E+00  0.000E+00
49.8  0.000E+00  1.795E+16  4.815E+15 1.104E-06  266.2  1027  1.204E+11  2.147E+14  0.000E+00  0.000E+00  0.000E+00
50.0  0.000E+00  1.751E+16  4.696E+15 1.077E-06  266.1  1027  1.175E+11  2.094E+14  0.000E+00  0.000E+00  0.000E+00
50.2  0.000E+00  1.707E+16  4.581E+15 1.051E-06  266.0  1027  1.146E+11  2.042E+14  0.000E+00  0.000E+00  0.000E+00
50.4  0.000E+00  1.666E+16  4.468E+15 1.025E-06  265.9  1027  1.118E+11  1.992E+14  0.000E+00  0.000E+00  0.000E+00
50.6  0.000E+00  1.625E+16  4.359E+15 9.996E-07  265.8  1027  1.090E+11  1.943E+14  0.000E+00  0.000E+00  0.000E+00
50.8  0.000E+00  1.585E+16  4.252E+15 9.752E-07  265.7  1027  1.064E+11  1.896E+14  0.000E+00  0.000E+00  0.000E+00
51.0  0.000E+00  1.547E+16  4.149E+15 9.515E-07  265.5  1027  1.038E+11  1.850E+14  0.000E+00  0.000E+00  0.000E+00
51.2  0.000E+00  1.509E+16  4.048E+15 9.284E-07  265.4  1027  1.013E+11  1.805E+14  0.000E+00  0.000E+00  0.000E+00
51.4  0.000E+00  1.472E+16  3.950E+15 9.059E-07  265.2  1027  9.881E+10  1.761E+14  0.000E+00  0.000E+00  0.000E+00
51.6  0.000E+00  1.437E+16  3.854E+15 8.840E-07  265.0  1027  9.642E+10  1.719E+14  0.000E+00  0.000E+00  0.000E+00
51.8  0.000E+00  1.402E+16  3.762E+15 8.627E-07  264.7  1027  9.409E+10  1.677E+14  0.000E+00  0.000E+00  0.000E+00
52.0  0.000E+00  1.368E+16  3.671E+15 8.419E-07  264.5  1027  9.183E+10  1.637E+14  0.000E+00  0.000E+00  0.000E+00
52.2  0.000E+00  1.336E+16  3.583E+15 8.217E-07  264.2  1027  8.963E+10  1.598E+14  0.000E+00  0.000E+00  0.000E+00
52.4  0.000E+00  1.304E+16  3.497E+15 8.020E-07  263.9  1027  8.748E+10  1.559E+14  0.000E+00  0.000E+00  0.000E+00
52.6  0.000E+00  1.272E+16  3.414E+15 7.829E-07  263.5  1027  8.539E+10  1.522E+14  0.000E+00  0.000E+00  0.000E+00
52.8  0.000E+00  1.242E+16  3.332E+15 7.642E-07  263.2  1027  8.336E+10  1.486E+14  0.000E+00  0.000E+00  0.000E+00
53.0  0.000E+00  1.213E+16  3.253E+15 7.461E-07  262.8  1027  8.138E+10  1.450E+14  0.000E+00  0.000E+00  0.000E+00
53.2  0.000E+00  1.184E+16  3.176E+15 7.284E-07  262.4  1027  7.944E+10  1.416E+14  0.000E+00  0.000E+00  0.000E+00
53.4  0.000E+00  1.156E+16  3.101E+15 7.111E-07  262.0  1027  7.756E+10  1.383E+14  0.000E+00  0.000E+00  0.000E+00
53.6  0.000E+00  1.128E+16  3.027E+15 6.943E-07  261.6  1027  7.573E+10  1.350E+14  0.000E+00  0.000E+00  0.000E+00
53.8  0.000E+00  1.102E+16  2.956E+15 6.779E-07  261.1  1027  7.394E+10  1.318E+14  0.000E+00  0.000E+00  0.000E+00
54.0  0.000E+00  1.076E+16  2.886E+15 6.620E-07  260.6  1027  7.220E+10  1.287E+14  0.000E+00  0.000E+00  0.000E+00
54.2  0.000E+00  1.051E+16  2.819E+15 6.464E-07  260.1  1027  7.051E+10  1.257E+14  0.000E+00  0.000E+00  0.000E+00
54.4  0.000E+00  1.026E+16  2.752E+15 6.312E-07  259.6  1027  6.885E+10  1.227E+14  0.000E+00  0.000E+00  0.000E+00
54.6  0.000E+00  1.002E+16  2.688E+15 6.165E-07  259.1  1027  6.724E+10  1.199E+14  0.000E+00  0.000E+00  0.000E+00
54.8  0.000E+00  9.785E+15  2.625E+15 6.020E-07  258.5  1027  6.567E+10  1.170E+14  0.000E+00  0.000E+00  0.000E+00
55.0  0.000E+00  9.557E+15  2.564E+15 5.880E-07  257.9  1027  6.413E+10  1.143E+14  0.000E+00  0.000E+00  0.000E+00
55.2  0.000E+00  9.334E+15  2.504E+15 5.743E-07  257.3  1027  6.264E+10  1.116E+14  0.000E+00  0.000E+00  0.000E+00
55.4  0.000E+00  9.117E+15  2.446E+15 5.609E-07  256.6  1027  6.118E+10  1.090E+14  0.000E+00  0.000E+00  0.000E+00
55.6  0.000E+00  8.904E+15  2.389E+15 5.478E-07  256.0  1027  5.976E+10  1.065E+14  0.000E+00  0.000E+00  0.000E+00
55.8  0.000E+00  8.697E+15  2.333E+15 5.351E-07  255.3  1027  5.837E+10  1.040E+14  0.000E+00  0.000E+00  0.000E+00
56.0  0.000E+00  8.495E+15  2.279E+15 5.227E-07  254.6  1027  5.701E+10  1.016E+14  0.000E+00  0.000E+00  0.000E+00
56.2  0.000E+00  8.298E+15  2.226E+15 5.105E-07  253.9  1027  5.568E+10  9.925E+13  0.000E+00  0.000E+00  0.000E+00
56.4  0.000E+00  8.105E+15  2.174E+15 4.987E-07  253.2  1027  5.439E+10  9.695E+13  0.000E+00  0.000E+00  0.000E+00
56.6  0.000E+00  7.917E+15  2.124E+15 4.871E-07  252.4  1027  5.313E+10  9.470E+13  0.000E+00  0.000E+00  0.000E+00
56.8  0.000E+00  7.733E+15  2.074E+15 4.757E-07  251.7  1027  5.189E+10  9.249E+13  0.000E+00  0.000E+00  0.000E+00
57.0  0.000E+00  7.553E+15  2.026E+15 4.647E-07  250.9  1027  5.068E+10  9.034E+13  0.000E+00  0.000E+00  0.000E+00
57.2  0.000E+00  7.377E+15  1.979E+15 4.539E-07  250.1  1027  4.950E+10  8.824E+13  0.000E+00  0.000E+00  0.000E+00
57.4  0.000E+00  7.205E+15  1.933E+15 4.433E-07  249.3  1027  4.835E+10  8.618E+13  0.000E+00  0.000E+00  0.000E+00
57.6  0.000E+00  7.037E+15  1.888E+15 4.329E-07  248.5  1027  4.722E+10  8.417E+13  0.000E+00  0.000E+00  0.000E+00
57.8  0.000E+00  6.872E+15  1.844E+15 4.228E-07  247.7  1027  4.612E+10  8.220E+13  0.000E+00  0.000E+00  0.000E+00
58.0  0.000E+00  6.711E+15  1.800E+15 4.129E-07  246.8  1027  4.504E+10  8.028E+13  0.000E+00  0.000E+00  0.000E+00
58.2  0.000E+00  6.554E+15  1.758E+15 4.032E-07  246.0  1027  4.398E+10  7.839E+13  0.000E+00  0.000E+00  0.000E+00
58.4  0.000E+00  6.400E+15  1.717E+15 3.937E-07  245.1  1027  4.295E+10  7.655E+13  0.000E+00  0.000E+00  0.000E+00
58.6  0.000E+00  6.249E+15  1.676E+15 3.845E-07  244.3  1027  4.194E+10  7.475E+13  0.000E+00  0.000E+00  0.000E+00
58.8  0.000E+00  6.102E+15  1.637E+15 3.754E-07  243.4  1027  4.095E+10  7.298E+13  0.000E+00  0.000E+00  0.000E+00
59.0  0.000E+00  5.957E+15  1.598E+15 3.665E-07  242.6  1027  3.998E+10  7.126E+13  0.000E+00  0.000E+00  0.000E+00
59.2  0.000E+00  5.816E+15  1.560E+15 3.578E-07  241.7  1027  3.903E+10  6.957E+13  0.000E+00  0.000E+00  0.000E+00
59.4  0.000E+00  5.677E+15  1.523E+15 3.493E-07  240.8  1027  3.810E+10  6.791E+13  0.000E+00  0.000E+00  0.000E+00
59.6  0.000E+00  5.542E+15  1.487E+15 3.410E-07  239.9  1027  3.719E+10  6.629E+13  0.000E+00  0.000E+00  0.000E+00
59.8  0.000E+00  5.409E+15  1.451E+15 3.328E-07  239.1  1027  3.630E+10  6.470E+13  0.000E+00  0.000E+00  0.000E+00
60.0  0.000E+00  5.279E+15  1.416E+15 3.248E-07  238.2  1027  3.543E+10  6.315E+13  0.000E+00  0.000E+00  0.000E+00
60.2  0.000E+00  5.152E+15  1.382E+15 3.170E-07  237.3  1027  3.457E+10  6.162E+13  0.000E+00  0.000E+00  0.000E+00
60.4  0.000E+00  5.027E+15  1.349E+15 3.093E-07  236.4  1027  3.374E+10  6.013E+13  0.000E+00  0.000E+00  0.000E+00
60.6  0.000E+00  4.905E+15  1.316E+15 3.018E-07  235.5  1027  3.292E+10  5.867E+13  0.000E+00  0.000E+00  0.000E+00
60.8  0.000E+00  4.786E+15  1.284E+15 2.944E-07  234.6  1027  3.211E+10  5.724E+13  0.000E+00  0.000E+00  0.000E+00
61.0  0.000E+00  4.669E+15  1.252E+15 2.872E-07  233.8  1027  3.133E+10  5.584E+13  0.000E+00  0.000E+00  0.000E+00
61.2  0.000E+00  4.554E+15  1.222E+15 2.802E-07  232.9  1027  3.056E+10  5.447E+13  0.000E+00  0.000E+00  0.000E+00
61.4  0.000E+00  4.441E+15  1.192E+15 2.733E-07  232.0  1027  2.981E+10  5.313E+13  0.000E+00  0.000E+00  0.000E+00
61.6  0.000E+00  4.331E+15  1.162E+15 2.665E-07  231.1  1027  2.907E+10  5.181E+13  0.000E+00  0.000E+00  0.000E+00
61.8  0.000E+00  4.224E+15  1.133E+15 2.599E-07  230.3  1027  2.834E+10  5.052E+13  0.000E+00  0.000E+00  0.000E+00
62.0  0.000E+00  4.118E+15  1.105E+15 2.534E-07  229.4  1027  2.764E+10  4.926E+13  0.000E+00  0.000E+00  0.000E+00
62.2  0.000E+00  4.015E+15  1.077E+15 2.470E-07  228.5  1027  2.694E+10  4.802E+13  0.000E+00  0.000E+00  0.000E+00
62.4  0.000E+00  3.914E+15  1.050E+15 2.408E-07  227.7  1027  2.626E+10  4.681E+13  0.000E+00  0.000E+00  0.000E+00
62.6  0.000E+00  3.815E+15  1.023E+15 2.347E-07  226.8  1027  2.560E+10  4.563E+13  0.000E+00  0.000E+00  0.000E+00
62.8  0.000E+00  3.718E+15  9.971E+14 2.287E-07  226.0  1027  2.495E+10  4.447E+13  0.000E+00  0.000E+00  0.000E+00
63.0  0.000E+00  3.623E+15  9.714E+14 2.229E-07  225.1  1027  2.432E+10  4.333E+13  0.000E+00  0.000E+00  0.000E+00
63.2  0.000E+00  3.530E+15  9.463E+14 2.171E-07  224.3  1027  2.369E+10  4.221E+13  0.000E+00  0.000E+00  0.000E+00
63.4  0.000E+00  3.438E+15  9.217E+14 2.115E-07  223.5  1027  2.309E+10  4.112E+13  0.000E+00  0.000E+00  0.000E+00
63.6  0.000E+00  3.349E+15  8.977E+14 2.060E-07  222.7  1027  2.249E+10  4.006E+13  0.000E+00  0.000E+00  0.000E+00
63.8  0.000E+00  3.262E+15  8.742E+14 2.006E-07  221.9  1027  2.191E+10  3.901E+13  0.000E+00  0.000E+00  0.000E+00
64.0  0.000E+00  3.177E+15  8.511E+14 1.954E-07  221.1  1027  2.133E+10  3.799E+13  0.000E+00  0.000E+00  0.000E+00
64.2  0.000E+00  3.093E+15  8.286E+14 1.902E-07  220.3  1027  2.077E+10  3.699E+13  0.000E+00  0.000E+00  0.000E+00
64.4  0.000E+00  3.011E+15  8.066E+14 1.852E-07  219.5  1027  2.023E+10  3.601E+13  0.000E+00  0.000E+00  0.000E+00
64.6  0.000E+00  2.931E+15  7.850E+14 1.803E-07  218.7  1027  1.969E+10  3.505E+13  0.000E+00  0.000E+00  0.000E+00
64.8  0.000E+00  2.853E+15  7.639E+14 1.755E-07  218.0  1027  1.917E+10  3.411E+13  0.000E+00  0.000E+00  0.000E+00
65.0  0.000E+00  2.776E+15  7.433E+14 1.707E-07  217.2  1027  1.866E+10  3.320E+13  0.000E+00  0.000E+00  0.000E+00
65.2  0.000E+00  2.701E+15  7.231E+14 1.661E-07  216.5  1027  1.815E+10  3.230E+13  0.000E+00  0.000E+00  0.000E+00
65.4  0.000E+00  2.628E+15  7.034E+14 1.616E-07  215.7  1027  1.766E+10  3.142E+13  0.000E+00  0.000E+00  0.000E+00
65.6  0.000E+00  2.557E+15  6.841E+14 1.572E-07  215.0  1027  1.718E+10  3.057E+13  0.000E+00  0.000E+00  0.000E+00
65.8  0.000E+00  2.487E+15  6.652E+14 1.529E-07  214.3  1027  1.671E+10  2.973E+13  0.000E+00  0.000E+00  0.000E+00
66.0  0.000E+00  2.418E+15  6.468E+14 1.487E-07  213.6  1027  1.626E+10  2.891E+13  0.000E+00  0.000E+00  0.000E+00
66.2  0.000E+00  2.351E+15  6.288E+14 1.446E-07  212.9  1027  1.581E+10  2.811E+13  0.000E+00  0.000E+00  0.000E+00
66.4  0.000E+00  2.286E+15  6.112E+14 1.405E-07  212.2  1027  1.537E+10  2.733E+13  0.000E+00  0.000E+00  0.000E+00
66.6  0.000E+00  2.222E+15  5.940E+14 1.366E-07  211.6  1027  1.494E+10  2.656E+13  0.000E+00  0.000E+00  0.000E+00
66.8  0.000E+00  2.160E+15  5.773E+14 1.328E-07  210.9  1027  1.452E+10  2.582E+13  0.000E+00  0.000E+00  0.000E+00
67.0  0.000E+00  2.099E+15  5.609E+14 1.290E-07  210.3  1027  1.411E+10  2.509E+13  0.000E+00  0.000E+00  0.000E+00
67.2  0.000E+00  2.039E+15  5.449E+14 1.253E-07  209.7  1027  1.372E+10  2.437E+13  0.000E+00  0.000E+00  0.000E+00
67.4  0.000E+00  1.981E+15  5.292E+14 1.218E-07  209.0  1027  1.333E+10  2.368E+13  0.000E+00  0.000E+00  0.000E+00
67.6  0.000E+00  1.924E+15  5.140E+14 1.183E-07  208.4  1027  1.295E+10  2.300E+13  0.000E+00  0.000E+00  0.000E+00
67.8  0.000E+00  1.869E+15  4.991E+14 1.148E-07  207.9  1027  1.257E+10  2.233E+13  0.000E+00  0.000E+00  0.000E+00
68.0  0.000E+00  1.815E+15  4.846E+14 1.115E-07  207.3  1027  1.221E+10  2.169E+13  0.000E+00  0.000E+00  0.000E+00
68.2  0.000E+00  1.762E+15  4.704E+14 1.083E-07  206.7  1027  1.186E+10  2.106E+13  0.000E+00  0.000E+00  0.000E+00
68.4  0.000E+00  1.710E+15  4.566E+14 1.051E-07  206.2  1027  1.151E+10  2.044E+13  0.000E+00  0.000E+00  0.000E+00
68.6  0.000E+00  1.660E+15  4.431E+14 1.020E-07  205.7  1027  1.117E+10  1.984E+13  0.000E+00  0.000E+00  0.000E+00
68.8  0.000E+00  1.611E+15  4.299E+14 9.900E-08  205.2  1027  1.085E+10  1.925E+13  0.000E+00  0.000E+00  0.000E+00
69.0  0.000E+00  1.563E+15  4.171E+14 9.606E-08  204.7  1027  1.053E+10  1.868E+13  0.000E+00  0.000E+00  0.000E+00
69.2  0.000E+00  1.517E+15  4.046E+14 9.320E-08  204.2  1027  1.021E+10  1.813E+13  0.000E+00  0.000E+00  0.000E+00
69.4  0.000E+00  1.471E+15  3.925E+14 9.040E-08  203.7  1027  9.908E+09  1.758E+13  0.000E+00  0.000E+00  0.000E+00
69.6  0.000E+00  1.427E+15  3.806E+14 8.768E-08  203.3  1027  9.611E+09  1.705E+13  0.000E+00  0.000E+00  0.000E+00
69.8  0.000E+00  1.384E+15  3.690E+14 8.503E-08  202.8  1027  9.322E+09  1.654E+13  0.000E+00  0.000E+00  0.000E+00
70.0  0.000E+00  1.342E+15  3.578E+14 8.245E-08  202.4  1027  9.040E+09  1.604E+13  0.000E+00  0.000E+00  0.000E+00
70.2  0.000E+00  1.301E+15  3.468E+14 7.993E-08  202.0  1027  8.765E+09  1.555E+13  0.000E+00  0.000E+00  0.000E+00
70.4  0.000E+00  1.261E+15  3.361E+14 7.748E-08  201.6  1027  8.498E+09  1.507E+13  0.000E+00  0.000E+00  0.000E+00
70.6  0.000E+00  1.222E+15  3.257E+14 7.510E-08  201.2  1027  8.237E+09  1.461E+13  0.000E+00  0.000E+00  0.000E+00
70.8  0.000E+00  1.185E+15  3.156E+14 7.277E-08  200.9  1027  7.984E+09  1.415E+13  0.000E+00  0.000E+00  0.000E+00
71.0  0.000E+00  1.148E+15  3.058E+14 7.051E-08  200.5  1027  7.737E+09  1.372E+13  0.000E+00  0.000E+00  0.000E+00
71.2  0.000E+00  1.112E+15  2.962E+14 6.831E-08  200.2  1027  7.497E+09  1.329E+13  0.000E+00  0.000E+00  0.000E+00
71.4  0.000E+00  1.077E+15  2.869E+14 6.618E-08  199.9  1027  7.263E+09  1.287E+13  0.000E+00  0.000E+00  0.000E+00
71.6  0.000E+00  1.044E+15  2.779E+14 6.409E-08  199.6  1027  7.036E+09  1.247E+13  0.000E+00  0.000E+00  0.000E+00
71.8  0.000E+00  1.011E+15  2.690E+14 6.207E-08  199.4  1027  6.815E+09  1.207E+13  0.000E+00  0.000E+00  0.000E+00
72.0  0.000E+00  9.787E+14  2.605E+14 6.010E-08  199.1  1027  6.599E+09  1.169E+13  0.000E+00  0.000E+00  0.000E+00
72.2  0.000E+00  9.476E+14  2.522E+14 5.819E-08  198.9  1027  6.390E+09  1.132E+13  0.000E+00  0.000E+00  0.000E+00
72.4  0.000E+00  9.174E+14  2.441E+14 5.633E-08  198.7  1027  6.187E+09  1.096E+13  0.000E+00  0.000E+00  0.000E+00
72.6  5.157E+06  8.903E+14  2.368E+14 5.467E-08  198.5  1027  6.005E+09  1.063E+13  3.689E-29  4.585E+04  0.000E+00
72.8  6.232E+06  8.617E+14  2.292E+14 5.291E-08  198.3  1027  5.813E+09  1.029E+13  6.365E-26  4.649E+04  0.000E+00
73.0  7.526E+06  8.340E+14  2.218E+14 5.121E-08  198.1  1027  5.627E+09  9.961E+12  5.945E-23  4.714E+04  0.000E+00
73.2  9.084E+06  8.071E+14  2.146E+14 4.955E-08  198.0  1027  5.447E+09  9.639E+12  3.142E-20  4.779E+04  0.000E+00
73.4  1.096E+07  7.811E+14  2.076E+14 4.795E-08  197.8  1027  5.272E+09  9.327E+12  9.802E-18  4.846E+04  0.000E+00
73.6  1.321E+07  7.558E+14  2.009E+14 4.640E-08  197.6  1027  5.103E+09  9.025E+12  1.878E-15  4.913E+04  0.000E+00
73.8  1.591E+07  7.313E+14  1.943E+14 4.489E-08  197.5  1027  4.938E+09  8.732E+12  2.294E-13  4.981E+04  0.000E+00
74.0  1.915E+07  7.076E+14  1.880E+14 4.343E-08  197.4  1027  4.779E+09  8.448E+12  1.850E-11  5.051E+04  0.000E+00
74.2  2.303E+07  6.846E+14  1.818E+14 4.202E-08  197.2  1027  4.625E+09  8.173E+12  1.019E-09  5.121E+04  0.000E+00
74.4  2.767E+07  6.623E+14  1.759E+14 4.065E-08  197.1  1027  4.475E+09  7.907E+12  3.953E-08  5.192E+04  0.000E+00
74.6  3.321E+07  6.407E+14  1.701E+14 3.932E-08  197.0  1027  4.330E+09  7.648E+12  1.111E-06  5.264E+04  0.000E+00
74.8  3.981E+07  6.198E+14  1.645E+14 3.804E-08  196.9  1027  4.190E+09  7.398E+12  2.323E-05  5.338E+04  0.000E+00
75.0  4.768E+07  5.995E+14  1.591E+14 3.679E-08  196.7  1027  4.054E+09  7.156E+12  3.706E-04  5.412E+04  0.000E+00
75.2  5.704E+07  5.799E+14  1.539E+14 3.559E-08  196.6  1027  3.923E+09  6.921E+12  4.613E-03  5.488E+04  0.000E+00
75.4  6.815E+07  5.609E+14  1.488E+14 3.442E-08  196.5  1027  3.795E+09  6.694E+12  4.576E-02  5.564E+04  0.000E+00
75.6  8.133E+07  5.425E+14  1.439E+14 3.329E-08  196.4  1027  3.672E+09  6.474E+12  3.690E-01  5.642E+04  0.000E+00
75.8  9.692E+07  5.247E+14  1.391E+14 3.220E-08  196.3  1027  3.552E+09  6.261E+12  2.461E+00  5.721E+04  0.000E+00
76.0  1.153E+08  5.075E+14  1.345E+14 3.114E-08  196.2  1027  3.437E+09  6.055E+12  1.381E+01  5.802E+04  0.000E+00
76.2  1.371E+08  4.908E+14  1.301E+14 3.011E-08  196.2  1027  3.325E+09  5.856E+12  6.615E+01  5.883E+04  0.000E+00
76.4  1.627E+08  4.747E+14  1.258E+14 2.912E-08  196.1  1027  3.216E+09  5.663E+12  2.743E+02  5.966E+04  0.000E+00
76.6  1.927E+08  4.590E+14  1.216E+14 2.816E-08  196.0  1027  3.112E+09  5.476E+12  9.977E+02  6.050E+04  0.000E+00
76.8  2.280E+08  4.439E+14  1.176E+14 2.723E-08  195.9  1027  3.010E+09  5.295E+12  3.219E+03  6.135E+04  0.000E+00
77.0  2.693E+08  4.293E+14  1.137E+14 2.633E-08  195.8  1027  2.912E+09  5.120E+12  9.310E+03  6.222E+04  0.000E+00
77.2  3.176E+08  4.151E+14  1.099E+14 2.546E-08  195.7  1027  2.817E+09  4.951E+12  2.438E+04  6.310E+04  0.000E+00
77.4  3.739E+08  4.014E+14  1.062E+14 2.462E-08  195.6  1027  2.725E+09  4.787E+12  5.832E+04  6.400E+04  0.000E+00
77.6  4.395E+08  3.882E+14  1.027E+14 2.381E-08  195.6  1027  2.636E+09  4.628E+12  1.285E+05  6.491E+04  0.000E+00
77.8  5.156E+08  3.754E+14  9.927E+13 2.302E-08  195.5  1027  2.550E+09  4.475E+12  2.625E+05  6.584E+04  0.000E+00
78.0  6.038E+08  3.630E+14  9.596E+13 2.226E-08  195.4  1027  2.467E+09  4.327E+12  5.011E+05  6.678E+04  0.000E+00
78.2  7.059E+08  3.510E+14  9.276E+13 2.152E-08  195.3  1027  2.387E+09  4.184E+12  8.988E+05  6.774E+04  0.000E+00
78.4  8.237E+08  3.394E+14  8.967E+13 2.081E-08  195.2  1027  2.309E+09  4.045E+12  1.524E+06  6.871E+04  0.000E+00
78.6  9.593E+08  3.282E+14  8.668E+13 2.012E-08  195.1  1027  2.234E+09  3.911E+12  2.454E+06  6.970E+04  0.000E+00
78.8  1.115E+09  3.174E+14  8.379E+13 1.945E-08  195.1  1027  2.161E+09  3.781E+12  3.771E+06  7.070E+04  0.000E+00
79.0  1.294E+09  3.069E+14  8.100E+13 1.881E-08  195.0  1027  2.091E+09  3.656E+12  5.555E+06  7.172E+04  0.000E+00
79.2  1.498E+09  2.967E+14  7.829E+13 1.819E-08  194.9  1027  2.023E+09  3.534E+12  7.873E+06  7.276E+04  0.000E+00
79.4  1.732E+09  2.869E+14  7.568E+13 1.758E-08  194.8  1027  1.957E+09  3.417E+12  1.077E+07  7.382E+04  0.000E+00
79.6  1.997E+09  2.774E+14  7.315E+13 1.700E-08  194.7  1027  1.893E+09  3.304E+12  1.428E+07  7.490E+04  0.000E+00
79.8  2.299E+09  2.683E+14  7.071E+13 1.644E-08  194.6  1027  1.832E+09  3.194E+12  1.839E+07  7.599E+04  0.000E+00
80.0  2.641E+09  2.594E+14  6.835E+13 1.589E-08  194.5  1027  1.772E+09  3.088E+12  2.306E+07  7.710E+04  0.000E+00
80.2  3.027E+09  2.509E+14  6.607E+13 1.537E-08  194.4  1027  1.715E+09  2.986E+12  2.824E+07  7.823E+04  0.000E+00
80.4  3.463E+09  2.426E+14  6.386E+13 1.486E-08  194.3  1027  1.659E+09  2.887E+12  3.384E+07  7.938E+04  0.000E+00
80.6  3.954E+09  2.346E+14  6.173E+13 1.437E-08  194.1  1027  1.606E+09  2.791E+12  3.975E+07  8.056E+04  0.000E+00
80.8  4.505E+09  2.268E+14  5.967E+13 1.389E-08  194.0  1027  1.554E+09  2.698E+12  4.588E+07  8.175E+04  0.000E+00
81.0  5.121E+09  2.193E+14  5.767E+13 1.343E-08  193.9  1027  1.503E+09  2.609E+12  5.209E+07  8.296E+04  0.000E+00
81.2  5.810E+09  2.121E+14  5.575E+13 1.299E-08  193.8  1027  1.455E+09  2.522E+12  5.828E+07  8.419E+04  0.000E+00
81.4  6.578E+09  2.051E+14  5.389E+13 1.256E-08  193.6  1027  1.408E+09  2.438E+12  6.433E+07  8.545E+04  0.000E+00
81.6  7.431E+09  1.983E+14  5.209E+13 1.214E-08  193.5  1027  1.363E+09  2.358E+12  7.016E+07  8.672E+04  0.000E+00
81.8  8.377E+09  1.918E+14  5.035E+13 1.174E-08  193.3  1027  1.319E+09  2.279E+12  7.567E+07  8.802E+04  0.000E+00
82.0  9.424E+09  1.855E+14  4.866E+13 1.135E-08  193.2  1027  1.276E+09  2.204E+12  8.080E+07  8.934E+04  0.000E+00
82.2  1.058E+10  1.794E+14  4.704E+13 1.098E-08  193.0  1027  1.235E+09  2.131E+12  8.550E+07  9.069E+04  0.000E+00
82.4  1.185E+10  1.735E+14  4.547E+13 1.061E-08  192.8  1027  1.196E+09  2.060E+12  8.973E+07  9.205E+04  0.000E+00
82.6  1.325E+10  1.677E+14  4.395E+13 1.026E-08  192.7  1027  1.157E+09  1.992E+12  9.347E+07  9.344E+04  0.000E+00
82.8  1.478E+10  1.622E+14  4.248E+13 9.925E-09  192.5  1027  1.120E+09  1.926E+12  9.670E+07  9.486E+04  0.000E+00
83.0  1.645E+10  1.569E+14  4.106E+13 9.598E-09  192.3  1027  1.085E+09  1.862E+12  9.944E+07  9.630E+04  0.000E+00
83.2  1.827E+10  1.517E+14  3.969E+13 9.281E-09  192.1  1027  1.050E+09  1.800E+12  1.017E+08  9.776E+04  0.000E+00
83.4  2.025E+10  1.467E+14  3.837E+13 8.975E-09  191.9  1027  1.017E+09  1.741E+12  1.035E+08  9.926E+04  0.000E+00
83.6  2.240E+10  1.419E+14  3.709E+13 8.679E-09  191.7  1027  9.842E+08  1.683E+12  1.048E+08  1.008E+05  0.000E+00
83.8  2.473E+10  1.373E+14  3.585E+13 8.393E-09  191.4  1027  9.529E+08  1.627E+12  1.057E+08  1.023E+05  0.000E+00
84.0  2.724E+10  1.327E+14  3.465E+13 8.116E-09  191.2  1027  9.227E+08  1.573E+12  1.062E+08  1.039E+05  0.000E+00
84.2  2.994E+10  1.284E+14  3.350E+13 7.849E-09  190.9  1027  8.935E+08  1.521E+12  1.063E+08  1.055E+05  0.000E+00
84.4  3.285E+10  1.242E+14  3.238E+13 7.590E-09  190.7  1027  8.652E+08  1.471E+12  1.062E+08  1.071E+05  0.000E+00
84.6  3.596E+10  1.201E+14  3.130E+13 7.340E-09  190.4  1027  8.379E+08  1.422E+12  1.057E+08  1.088E+05  0.000E+00
84.8  3.929E+10  1.162E+14  3.025E+13 7.098E-09  190.1  1027  8.115E+08  1.375E+12  1.050E+08  1.104E+05  0.000E+00
85.0  4.284E+10  1.124E+14  2.924E+13 6.865E-09  189.9  1027  7.860E+08  1.329E+12  1.040E+08  1.121E+05  0.000E+00
85.2  4.662E+10  1.087E+14  2.826E+13 6.639E-09  189.6  1027  7.613E+08  1.285E+12  1.029E+08  1.139E+05  0.000E+00
85.4  5.063E+10  1.051E+14  2.732E+13 6.420E-09  189.3  1027  7.374E+08  1.243E+12  1.015E+08  1.157E+05  0.000E+00
85.6  5.487E+10  1.017E+14  2.641E+13 6.209E-09  188.9  1027  7.143E+08  1.201E+12  1.000E+08  1.174E+05  0.000E+00
85.8  5.936E+10  9.833E+13  2.552E+13 6.005E-09  188.6  1027  6.920E+08  1.162E+12  9.843E+07  1.193E+05  0.000E+00
86.0  6.409E+10  9.511E+13  2.467E+13 5.807E-09  188.3  1027  6.704E+08  1.123E+12  9.672E+07  1.211E+05  0.000E+00
86.2  6.906E+10  9.199E+13  2.385E+13 5.616E-09  187.9  1027  6.495E+08  1.086E+12  9.493E+07  1.230E+05  0.000E+00
86.4  7.428E+10  8.898E+13  2.305E+13 5.432E-09  187.5  1027  6.293E+08  1.050E+12  9.307E+07  1.249E+05  0.000E+00
86.6  7.974E+10  8.607E+13  2.228E+13 5.253E-09  187.2  1027  6.098E+08  1.015E+12  9.116E+07  1.269E+05  0.000E+00
86.8  8.545E+10  8.325E+13  2.153E+13 5.080E-09  186.8  1027  5.909E+08  9.812E+11  8.921E+07  1.289E+05  0.000E+00
87.0  9.139E+10  8.052E+13  2.081E+13 4.913E-09  186.4  1027  5.727E+08  9.486E+11  8.724E+07  1.309E+05  0.000E+00
87.2  9.757E+10  7.788E+13  2.011E+13 4.752E-09  186.0  1027  5.550E+08  9.171E+11  8.526E+07  1.329E+05  0.000E+00
87.4  1.040E+11  7.533E+13  1.944E+13 4.596E-09  185.5  1027  5.379E+08  8.866E+11  8.327E+07  1.350E+05  0.000E+00
87.6  1.106E+11  7.286E+13  1.878E+13 4.444E-09  185.1  1027  5.214E+08  8.570E+11  8.129E+07  1.371E+05  0.000E+00
87.8  1.174E+11  7.048E+13  1.815E+13 4.298E-09  184.6  1027  5.054E+08  8.285E+11  7.931E+07  1.393E+05  0.000E+00
88.0  1.245E+11  6.817E+13  1.754E+13 4.157E-09  184.2  1027  4.899E+08  8.009E+11  7.736E+07  1.415E+05  0.000E+00
88.2  1.317E+11  6.593E+13  1.695E+13 4.020E-09  183.7  1027  4.750E+08  7.741E+11  7.542E+07  1.437E+05  0.000E+00
88.4  1.392E+11  6.377E+13  1.638E+13 3.888E-09  183.2  1027  4.605E+08  7.483E+11  7.352E+07  1.459E+05  0.000E+00
88.6  1.468E+11  6.168E+13  1.583E+13 3.759E-09  182.7  1027  4.465E+08  7.232E+11  7.164E+07  1.482E+05  0.000E+00
88.8  1.545E+11  5.965E+13  1.530E+13 3.636E-09  182.2  1027  4.329E+08  6.990E+11  6.980E+07  1.505E+05  0.000E+00
89.0  1.624E+11  5.769E+13  1.478E+13 3.516E-09  181.7  1027  4.198E+08  6.756E+11  6.799E+07  1.529E+05  0.000E+00
89.2  1.705E+11  5.580E+13  1.428E+13 3.400E-09  181.1  1027  4.071E+08  6.529E+11  6.623E+07  1.553E+05  0.000E+00
89.4  1.786E+11  5.396E+13  1.379E+13 3.287E-09  180.6  1027  3.949E+08  6.310E+11  6.450E+07  1.577E+05  0.000E+00
89.6  1.869E+11  5.218E+13  1.333E+13 3.179E-09  180.0  1027  3.830E+08  6.097E+11  6.281E+07  1.602E+05  0.000E+00
89.8  1.952E+11  5.046E+13  1.287E+13 3.074E-09  179.4  1027  3.715E+08  5.892E+11  6.117E+07  1.627E+05  0.000E+00
90.0  2.035E+11  4.880E+13  1.244E+13 2.972E-09  178.8  1027  3.604E+08  5.693E+11  5.956E+07  1.652E+05  0.000E+00
90.2  2.119E+11  4.719E+13  1.201E+13 2.874E-09  178.2  1027  3.496E+08  5.500E+11  5.800E+07  1.678E+05  0.000E+00
90.4  2.204E+11  4.563E+13  1.160E+13 2.778E-09  177.6  1027  3.392E+08  5.313E+11  5.649E+07  1.704E+05  0.000E+00
90.6  2.288E+11  4.412E+13  1.120E+13 2.686E-09  177.0  1027  3.291E+08  5.133E+11  5.501E+07  1.730E+05  0.000E+00
90.8  2.372E+11  4.266E+13  1.082E+13 2.597E-09  176.3  1027  3.194E+08  4.958E+11  5.357E+07  1.757E+05  0.000E+00
91.0  2.455E+11  4.124E+13  1.045E+13 2.510E-09  175.7  1027  3.099E+08  4.788E+11  5.218E+07  1.784E+05  0.000E+00
91.2  2.538E+11  3.986E+13  1.009E+13 2.426E-09  175.1  1027  3.007E+08  4.624E+11  5.082E+07  1.811E+05  0.000E+00
91.4  2.619E+11  3.853E+13  9.736E+12 2.345E-09  174.4  1027  2.918E+08  4.464E+11  4.950E+07  1.838E+05  0.000E+00
91.6  2.700E+11  3.723E+13  9.397E+12 2.266E-09  173.8  1027  2.832E+08  4.310E+11  4.822E+07  1.866E+05  0.000E+00
91.8  2.779E+11  3.598E+13  9.069E+12 2.189E-09  173.1  1027  2.748E+08  4.160E+11  4.698E+07  1.894E+05  0.000E+00
92.0  2.856E+11  3.476E+13  8.750E+12 2.115E-09  172.5  1027  2.667E+08  4.014E+11  4.577E+07  1.922E+05  0.000E+00
92.2  2.932E+11  3.358E+13  8.441E+12 2.043E-09  171.8  1027  2.588E+08  3.873E+11  4.460E+07  1.950E+05  0.000E+00
92.4  3.005E+11  3.244E+13  8.142E+12 1.973E-09  171.2  1027  2.512E+08  3.737E+11  4.346E+07  1.979E+05  0.000E+00
92.6  3.076E+11  3.133E+13  7.851E+12 1.905E-09  170.6  1027  2.438E+08  3.604E+11  4.236E+07  2.007E+05  0.000E+00
92.8  3.144E+11  3.025E+13  7.570E+12 1.840E-09  170.0  1027  2.366E+08  3.475E+11  4.129E+07  2.036E+05  0.000E+00
93.0  3.210E+11  2.920E+13  7.297E+12 1.776E-09  169.4  1027  2.296E+08  3.350E+11  4.025E+07  2.065E+05  0.000E+00
93.2  3.273E+11  2.819E+13  7.032E+12 1.714E-09  168.8  1027  2.229E+08  3.229E+11  3.924E+07  2.094E+05  0.000E+00
93.4  3.333E+11  2.721E+13  6.776E+12 1.654E-09  168.2  1027  2.163E+08  3.111E+11  3.826E+07  2.122E+05  0.000E+00
93.6  3.390E+11  2.625E+13  6.527E+12 1.596E-09  167.6  1027  2.099E+08  2.997E+11  3.731E+07  2.151E+05  0.000E+00
93.8  3.443E+11  2.532E+13  6.286E+12 1.539E-09  167.0  1027  2.038E+08  2.887E+11  3.639E+07  2.180E+05  0.000E+00
94.0  3.493E+11  2.443E+13  6.052E+12 1.485E-09  166.5  1027  1.978E+08  2.780E+11  3.549E+07  2.209E+05  0.000E+00
94.2  3.539E+11  2.355E+13  5.826E+12 1.431E-09  165.9  1027  1.920E+08  2.676E+11  3.463E+07  2.238E+05  0.000E+00
94.4  3.582E+11  2.271E+13  5.607E+12 1.380E-09  165.4  1027  1.863E+08  2.575E+11  3.379E+07  2.267E+05  0.000E+00
94.6  3.621E+11  2.189E+13  5.394E+12 1.330E-09  164.9  1027  1.808E+08  2.477E+11  3.297E+07  2.296E+05  0.000E+00
94.8  3.656E+11  2.109E+13  5.188E+12 1.282E-09  164.5  1027  1.755E+08  2.383E+11  3.218E+07  2.325E+05  0.000E+00
95.0  3.687E+11  2.032E+13  4.989E+12 1.235E-09  164.0  1027  1.704E+08  2.291E+11  3.141E+07  2.354E+05  0.000E+00
95.2  3.715E+11  1.958E+13  4.796E+12 1.189E-09  163.6  1027  1.654E+08  2.202E+11  3.067E+07  2.383E+05  0.000E+00
95.4  3.738E+11  1.886E+13  4.610E+12 1.145E-09  163.2  1027  1.606E+08  2.116E+11  2.994E+07  2.412E+05  0.000E+00
95.6  3.758E+11  1.816E+13  4.429E+12 1.103E-09  162.8  1027  1.559E+08  2.033E+11  2.924E+07  2.440E+05  0.000E+00
95.8  3.774E+11  1.748E+13  4.254E+12 1.061E-09  162.4  1027  1.513E+08  1.952E+11  2.857E+07  2.469E+05  0.000E+00
96.0  3.786E+11  1.682E+13  4.086E+12 1.021E-09  162.1  1027  1.469E+08  1.874E+11  2.791E+07  2.497E+05  0.000E+00
96.2  3.794E+11  1.618E+13  3.922E+12 9.826E-10  161.8  1027  1.426E+08  1.799E+11  2.727E+07  2.526E+05  0.000E+00
96.4  3.798E+11  1.557E+13  3.764E+12 9.452E-10  161.5  1027  1.385E+08  1.726E+11  2.665E+07  2.554E+05  0.000E+00
96.6  3.799E+11  1.497E+13  3.612E+12 9.089E-10  161.2  1027  1.345E+08  1.655E+11  2.605E+07  2.582E+05  0.000E+00
96.8  3.796E+11  1.440E+13  3.465E+12 8.739E-10  161.0  1027  1.306E+08  1.587E+11  2.546E+07  2.610E+05  0.000E+00
97.0  3.789E+11  1.384E+13  3.322E+12 8.400E-10  160.8  1027  1.268E+08  1.521E+11  2.490E+07  2.637E+05  0.000E+00
97.2  3.779E+11  1.330E+13  3.185E+12 8.072E-10  160.6  1027  1.232E+08  1.457E+11  2.435E+07  2.665E+05  0.000E+00
97.4  3.766E+11  1.278E+13  3.053E+12 7.756E-10  160.5  1027  1.197E+08  1.396E+11  2.381E+07  2.692E+05  0.000E+00
97.6  3.749E+11  1.228E+13  2.925E+12 7.450E-10  160.4  1027  1.162E+08  1.337E+11  2.329E+07  2.720E+05  0.000E+00
97.8  3.729E+11  1.179E+13  2.801E+12 7.154E-10  160.4  1027  1.129E+08  1.279E+11  2.279E+07  2.747E+05  0.000E+00
98.0  3.707E+11  1.133E+13  2.683E+12 6.869E-10  160.3  1027  1.097E+08  1.224E+11  2.230E+07  2.774E+05  0.000E+00
98.2  3.681E+11  1.087E+13  2.568E+12 6.594E-10  160.3  1027  1.066E+08  1.171E+11  2.183E+07  2.801E+05  0.000E+00
98.4  3.653E+11  1.044E+13  2.458E+12 6.328E-10  160.4  1027  1.036E+08  1.120E+11  2.136E+07  2.827E+05  0.000E+00
98.6  3.621E+11  1.001E+13  2.352E+12 6.071E-10  160.5  1027  1.007E+08  1.070E+11  2.092E+07  2.854E+05  0.000E+00
98.8  3.588E+11  9.609E+12  2.249E+12 5.824E-10  160.6  1027  9.791E+07  1.023E+11  2.048E+07  2.880E+05  0.000E+00
99.0  3.552E+11  9.217E+12  2.151E+12 5.586E-10  160.8  1027  9.519E+07  9.771E+10  2.005E+07  2.906E+05  0.000E+00
99.2  3.514E+11  8.839E+12  2.056E+12 5.356E-10  161.0  1027  9.255E+07  9.330E+10  1.964E+07  2.932E+05  0.000E+00
99.4  3.474E+11  8.475E+12  1.965E+12 5.135E-10  161.3  1027  9.000E+07  8.907E+10  1.924E+07  2.958E+05  0.000E+00
99.6  3.431E+11  8.124E+12  1.878E+12 4.921E-10  161.6  1027  8.753E+07  8.500E+10  1.885E+07  2.984E+05  0.000E+00
99.8  3.388E+11  7.787E+12  1.794E+12 4.716E-10  161.9  1027  8.514E+07  8.108E+10  1.846E+07  3.009E+05  0.000E+00
100.0  3.342E+11  7.461E+12  1.713E+12 4.518E-10  162.3  1027  8.283E+07  7.732E+10  1.809E+07  3.035E+05  0.000E+00
