
 IP LIN 

# Theta axis in degrees: 
XA 0.0 5.0 10.0 15.0 20.0 25.0 30.0 35.0 40.0 45.0 50.0 55.0 60.0 65.0 70.0 75.0 80.0 85.0 90.0 90.0001 180.0 
# Energy axis in keV: 
YA 50.0 60.0 80.0 100.0 150.0 200.0 300.0 400.0 500.0 600.0 800.0 1000.0 1022.0 1250.0 1500.0 2000.0 2044.0 3000.0 4000.0 5000.0 6000.0 7000.0 8000.0 9000.0 10000.0 

AP 0 0 0.107177683794
AP 0 1 0.132318861902
AP 0 2 0.165321096301
AP 0 3 0.18792886587
AP 0 4 0.229505707909
AP 0 5 0.262026770314
AP 0 6 0.31346035335
AP 0 7 0.354319285629
AP 0 8 0.388084707786
AP 0 9 0.41674712872
AP 0 10 0.46365761616
AP 0 11 0.501157136455
AP 0 12 0.504708040299
AP 0 13 0.53904821727
AP 0 14 0.569938284695
AP 0 15 0.616837032243
AP 0 16 0.620398381768
AP 0 17 0.677751083873
AP 0 18 0.715811544869
AP 0 19 0.741774230546
AP 0 20 0.760456834847
AP 0 21 0.774545542189
AP 0 22 0.785475047903
AP 0 23 0.794139793376
AP 0 24 0.801157763318
AP 1 0 0.106269364632
AP 1 1 0.13130287857
AP 1 2 0.164190988207
AP 1 3 0.186735407522
AP 1 4 0.228221979438
AP 1 5 0.260692761511
AP 1 6 0.312077576731
AP 1 7 0.352921023528
AP 1 8 0.386687313873
AP 1 9 0.415359307336
AP 1 10 0.462301467985
AP 1 11 0.499839434204
AP 1 12 0.503394546426
AP 1 13 0.537780244018
AP 1 14 0.568718411357
AP 1 15 0.61570230031
AP 1 16 0.619270684943
AP 1 17 0.676747137503
AP 1 18 0.714900062042
AP 1 19 0.740930283708
AP 1 20 0.759663642256
AP 1 21 0.77379178633
AP 1 22 0.784752561173
AP 1 23 0.793442509803
AP 1 24 0.80048115797
AP 2 0 0.103556493712
AP 2 1 0.128263536795
AP 2 2 0.160804455502
AP 2 3 0.183155515347
AP 2 4 0.224365398643
AP 2 5 0.256681046954
AP 2 6 0.307913474758
AP 2 7 0.348706322143
AP 2 8 0.382472281802
AP 2 9 0.41117085608
AP 2 10 0.458205249318
AP 2 11 0.495856960224
AP 2 12 0.499424575876
AP 2 13 0.533945917213
AP 2 14 0.565027956856
AP 2 15 0.612267333966
AP 2 16 0.615856863558
AP 2 17 0.673705872413
AP 2 18 0.712137737114
AP 2 19 0.73837193122
AP 2 20 0.75725868679
AP 2 21 0.771506080067
AP 2 22 0.782561439948
AP 2 23 0.791327644957
AP 2 24 0.798428871388
AP 3 0 0.0990770543953
AP 3 1 0.123228463782
AP 3 2 0.155174631178
AP 3 3 0.17719229557
AP 3 4 0.217921150598
AP 3 5 0.249963648908
AP 3 6 0.300921311291
AP 3 7 0.341615596862
AP 3 8 0.375370879177
AP 3 9 0.404106352468
AP 3 10 0.451284751632
AP 3 11 0.48912042538
AP 3 12 0.4927084479
AP 3 13 0.527452565383
AP 3 14 0.558772787752
AP 3 15 0.606437983994
AP 3 16 0.610062874906
AP 3 17 0.668537030526
AP 3 18 0.707438949182
AP 3 19 0.734017673532
AP 3 20 0.753163910188
AP 3 21 0.767613221435
AP 3 22 0.778828851849
AP 3 23 0.787724340071
AP 3 24 0.794931704711
AP 4 0 0.092900152677
AP 4 1 0.116249825474
AP 4 2 0.147329428521
AP 4 3 0.168856636193
AP 4 4 0.208869313764
AP 4 5 0.240497750841
AP 4 6 0.291025277799
AP 4 7 0.331550178778
AP 4 8 0.365268004366
AP 4 9 0.394038569882
AP 4 10 0.441396616856
AP 4 11 0.479476942902
AP 4 12 0.483092529475
AP 4 13 0.518140734307
AP 4 14 0.549790374095
AP 4 15 0.598050949689
AP 4 16 0.601725551034
AP 4 17 0.661083273092
AP 4 18 0.700654033823
AP 4 19 0.727724804053
AP 4 20 0.747242470109
AP 4 21 0.761981262115
AP 4 22 0.773426923251
AP 4 23 0.782508123917
AP 4 24 0.78986805367
AP 5 0 0.0851349940312
AP 5 1 0.107414013427
AP 5 2 0.137321300468
AP 5 3 0.158176590011
AP 5 4 0.197192906554
AP 5 5 0.228232291775
AP 5 6 0.278124365561
AP 5 7 0.318373847961
AP 5 8 0.352001770382
AP 5 9 0.380786441416
AP 5 10 0.428333797591
AP 5 11 0.466703679263
AP 5 12 0.470352725556
AP 5 13 0.505776231504
AP 5 14 0.537840715405
AP 5 15 0.586863375744
AP 5 16 0.590602114119
AP 5 17 0.651108788634
AP 5 18 0.691557732649
AP 5 19 0.719277965009
AP 5 20 0.739287483364
AP 5 21 0.754410454539
AP 5 22 0.766161882084
AP 5 23 0.775490234289
AP 5 24 0.783053390159
AP 6 0 0.0759432420309
AP 6 1 0.0968554166123
AP 6 2 0.125241509873
AP 6 3 0.145211287984
AP 6 4 0.182890044663
AP 6 5 0.213118026306
AP 6 6 0.262098297301
AP 6 7 0.301915100209
AP 6 8 0.335362658456
AP 6 9 0.364111592108
AP 6 10 0.411817982611
AP 6 11 0.450497270306
AP 6 12 0.454183626265
AP 6 13 0.490036838744
AP 6 14 0.522591149457
AP 6 15 0.572535365673
AP 6 16 0.57635254733
AP 6 17 0.638280040506
AP 6 18 0.679829608644
AP 6 19 0.708369700334
AP 6 20 0.729002867549
AP 6 21 0.744614418829
AP 6 22 0.756755541906
AP 6 23 0.766399394172
AP 6 24 0.774222301616
AP 7 0 0.0655600139914
AP 7 1 0.0847810095344
AP 7 2 0.111247264585
AP 7 3 0.130078635377
AP 7 4 0.166000681714
AP 7 5 0.195132119287
AP 7 6 0.242826976273
AP 7 7 0.28198150673
AP 7 8 0.315103296172
AP 7 9 0.343724104014
AP 7 10 0.391498803586
AP 7 11 0.430467997091
AP 7 12 0.434192222604
AP 7 13 0.470501767218
AP 7 14 0.503602325137
AP 7 15 0.554611454099
AP 7 16 0.558520769046
AP 7 17 0.622143103808
AP 7 18 0.665029934685
AP 7 19 0.694575908472
AP 7 20 0.715978772739
AP 7 21 0.732195726068
AP 7 22 0.744821104301
AP 7 23 0.754857852021
AP 7 24 0.763004766074
AP 8 0 0.0543135614567
AP 8 1 0.071495675898
AP 8 2 0.0955916059522
AP 8 3 0.11298665774
AP 8 4 0.146637648287
AP 8 5 0.17430673137
AP 8 6 0.220212243416
AP 8 7 0.258374242927
AP 8 8 0.290946260974
AP 8 9 0.319284307896
AP 8 10 0.366945615025
AP 8 11 0.406123759975
AP 8 12 0.409881161965
AP 8 13 0.446628227843
AP 8 14 0.480299272913
AP 8 15 0.532484543064
AP 8 16 0.536498096753
AP 8 17 0.602081091234
AP 8 18 0.646554937186
AP 8 19 0.677310532993
AP 8 20 0.699646375123
AP 8 21 0.716601058636
AP 8 22 0.72981877981
AP 8 23 0.740337479491
AP 8 24 0.748882709622
AP 9 0 0.0426504536568
AP 9 1 0.0574382615283
AP 9 2 0.0786699897368
AP 9 3 0.094284842483
AP 9 4 0.125041943779
AP 9 5 0.15078356969
AP 9 6 0.194225677783
AP 9 7 0.230926757929
AP 9 8 0.262613389006
AP 9 9 0.290423237508
AP 9 10 0.337652394393
AP 9 11 0.376862226164
AP 9 12 0.380639694615
AP 9 13 0.417730972164
AP 9 14 0.451941213482
AP 9 15 0.505352453171
AP 9 16 0.50947888521
AP 9 17 0.57725736796
AP 9 18 0.623574541369
AP 9 19 0.655761061455
AP 9 20 0.679212573069
AP 9 21 0.697055777156
AP 9 22 0.710990547817
AP 9 23 0.722094871434
AP 9 24 0.731125505787
AP 10 0 0.0311565350466
AP 10 1 0.0432209996255
AP 10 2 0.06108017407
AP 10 3 0.0745349550084
AP 10 4 0.101666659008
AP 10 5 0.124901920946
AP 10 6 0.164993256521
AP 10 7 0.199579454986
AP 10 8 0.229888312897
AP 10 9 0.256792680089
AP 10 10 0.303064256343
AP 10 11 0.341976861716
AP 10 12 0.345747727767
AP 10 13 0.382967159597
AP 10 14 0.417589465221
AP 10 15 0.472161736712
AP 10 16 0.476402629863
AP 10 17 0.546533400218
AP 10 18 0.594938396686
AP 10 19 0.628788908185
AP 10 20 0.653557677806
AP 10 21 0.672460396723
AP 10 22 0.687256198861
AP 10 23 0.699067371603
AP 10 24 0.708686206015
AP 11 0 0.0205567810374
AP 11 1 0.029657958444
AP 11 2 0.0436871197516
AP 11 3 0.054598155847
AP 11 4 0.0772962891848
AP 11 5 0.0973341844334
AP 11 6 0.132939998632
AP 11 7 0.164517986534
AP 11 8 0.192741500136
AP 11 9 0.218174066422
AP 11 10 0.262652085788
AP 11 11 0.300699030717
AP 11 12 0.304414674821
AP 11 13 0.341342795021
AP 11 14 0.376083957148
AP 11 15 0.431539584
AP 11 16 0.435882605604
AP 11 17 0.508349117975
AP 11 18 0.559030618011
AP 11 19 0.594770665245
AP 11 20 0.621069310644
AP 11 21 0.641220378431
AP 11 22 0.657040853547
AP 11 23 0.669699384777
AP 11 24 0.680027274451
AP 12 0 0.0116626102397
AP 12 1 0.0177504350709
AP 12 2 0.0276672033063
AP 12 3 0.0357205094922
AP 12 4 0.0532020222831
AP 12 5 0.0692853829639
AP 12 6 0.0990345889969
AP 12 7 0.126429919032
AP 12 8 0.151581031278
AP 12 9 0.174713659487
AP 12 10 0.216103504546
AP 12 11 0.252339628544
AP 12 12 0.25591588462
AP 12 13 0.291795018916
AP 12 14 0.326072334285
AP 12 15 0.381738472496
AP 12 16 0.386144084308
AP 12 17 0.460561599655
AP 12 18 0.513550940545
AP 12 19 0.551346383754
AP 12 20 0.579371082519
AP 12 21 0.600962610704
AP 12 22 0.617983661413
AP 12 23 0.631646021344
AP 12 24 0.642820899007
AP 13 0 0.0052109013561
AP 13 1 0.00855737050244
AP 13 2 0.0144538245938
AP 13 3 0.0195441142065
AP 13 4 0.0312852021932
AP 13 5 0.0427379790385
AP 13 6 0.0651685995197
AP 13 7 0.0869555397008
AP 13 8 0.107734064373
AP 13 9 0.127408565648
AP 13 10 0.16377398236
AP 13 11 0.196676828907
AP 13 12 0.199972892526
AP 13 13 0.233487941311
AP 13 14 0.266213815248
AP 13 15 0.320679663014
AP 13 16 0.32505496843
AP 13 17 0.400264907412
AP 13 18 0.455200990459
AP 13 19 0.495023697157
AP 13 20 0.524874309287
AP 13 21 0.548052214771
AP 13 22 0.566430661792
AP 13 23 0.581249120741
AP 13 24 0.593412870692
AP 14 0 0.00154198448733
AP 14 1 0.0028405803989
AP 14 2 0.00541724511013
AP 14 3 0.00785530404894
AP 14 4 0.0140221118554
AP 14 5 0.0205905810391
AP 14 6 0.0346205041316
AP 14 7 0.0493862489236
AP 14 8 0.0643008033482
AP 14 9 0.0790560747088
AP 14 10 0.107706022006
AP 14 11 0.134947494715
AP 14 12 0.137738278661
AP 14 13 0.166699835971
AP 14 14 0.19592795513
AP 14 15 0.246412335269
AP 14 16 0.250559613831
AP 14 17 0.32377180911
AP 14 18 0.379343458975
AP 14 19 0.420622038649
AP 14 20 0.452076113715
AP 14 21 0.476787768603
AP 14 22 0.496555719752
AP 14 23 0.512603313354
AP 14 24 0.525847118586
AP 15 0 0.000203992613034
AP 15 1 0.000454811833133
AP 15 2 0.0010611904931
AP 15 3 0.00172820650158
AP 15 4 0.00369712047623
AP 15 5 0.00612132763948
AP 15 6 0.012106255521
AP 15 7 0.0192964962842
AP 15 8 0.0272831166913
AP 15 9 0.0357801116115
AP 15 10 0.053691343302
AP 15 11 0.0721807828221
AP 15 12 0.0741461597883
AP 15 13 0.0952492797102
AP 15 14 0.117744829641
AP 15 15 0.15907908536
AP 15 16 0.162602133153
AP 15 17 0.22763231546
AP 15 18 0.280232903738
AP 15 19 0.320917190997
AP 15 20 0.352774337323
AP 15 21 0.378295678088
AP 15 22 0.399012072706
AP 15 23 0.416020637987
AP 15 24 0.43018359641
AP 16 0 3.98492206456e-06
AP 16 1 1.28799237355e-05
AP 16 2 4.44933960381e-05
AP 16 3 9.08225390379e-05
AP 16 4 0.000276327780581
AP 16 5 0.000577866678129
AP 16 6 0.00156732737193
AP 16 7 0.00310028255138
AP 16 8 0.00514613814607
AP 16 9 0.00765180272831
AP 16 10 0.0138567697489
AP 16 11 0.0213649487152
AP 16 12 0.0222214560163
AP 16 13 0.0320570505111
AP 16 14 0.0437170089172
AP 16 15 0.0678956265254
AP 16 16 0.0701069302892
AP 16 17 0.114693314634
AP 16 18 0.155467182419
AP 16 19 0.189574487243
AP 16 20 0.217731431671
AP 16 21 0.241159756575
AP 16 22 0.260725509983
AP 16 23 0.277146054683
AP 16 24 0.291059222992
AP 17 0 1.18747418025e-10
AP 17 1 1.0260358979e-09
AP 17 2 1.00185213426e-08
AP 17 3 3.7192098536e-08
AP 17 4 2.8755034294e-07
AP 17 5 1.11601752813e-06
AP 17 6 6.98572347985e-06
AP 17 7 2.44768404063e-05
AP 17 8 6.21299946682e-05
AP 17 9 0.000128820938674
AP 17 10 0.000383750249164
AP 17 11 0.000850548176952
AP 17 12 0.000914276972074
AP 17 13 0.00179318599055
AP 17 14 0.003171589571
AP 17 15 0.00712393994363
AP 17 16 0.00755624606357
AP 17 17 0.0186752321979
AP 17 18 0.0326655621713
AP 17 19 0.04703625198
AP 17 20 0.0606712380644
AP 17 21 0.073209577714
AP 17 22 0.0844973086939
AP 17 23 0.0945367792904
AP 17 24 0.103443616055
AP 18 0 2.84237264686e-37
AP 18 1 7.98211037246e-34
AP 18 2 3.51628735578e-30
AP 18 3 4.40136212887e-28
AP 18 4 8.20860477787e-25
AP 18 5 1.21024661682e-22
AP 18 6 1.03710476224e-19
AP 18 7 1.04928399256e-17
AP 18 8 3.2394815004e-16
AP 18 9 4.74837298928e-15
AP 18 10 2.64297904015e-13
AP 18 11 4.9524000873e-12
AP 18 12 6.46183892237e-12
AP 18 13 7.71877203514e-11
AP 18 14 6.30127806398e-10
AP 18 15 1.24016989475e-08
AP 18 16 1.54060411513e-08
AP 18 17 4.3113416287e-07
AP 18 18 3.37844941322e-06
AP 18 19 1.29345725555e-05
AP 18 20 3.30224899805e-05
AP 18 21 6.59500107984e-05
AP 18 22 0.000111819652171
AP 18 23 0.000169063615168
AP 18 24 0.000235521886861
AP 19 0 0 
AP 19 1 0 
AP 19 2 0 
AP 19 3 0 
AP 19 4 0 
AP 19 5 0 
AP 19 6 0 
AP 19 7 0 
AP 19 8 0 
AP 19 9 0 
AP 19 10 0 
AP 19 11 0 
AP 19 12 0 
AP 19 13 0 
AP 19 14 0 
AP 19 15 0 
AP 19 16 0 
AP 19 17 0 
AP 19 18 0 
AP 19 19 0 
AP 19 20 0 
AP 19 21 0 
AP 19 22 0 
AP 19 23 0 
AP 19 24 0 
AP 20 0 0 
AP 20 1 0 
AP 20 2 0 
AP 20 3 0 
AP 20 4 0 
AP 20 5 0 
AP 20 6 0 
AP 20 7 0 
AP 20 8 0 
AP 20 9 0 
AP 20 10 0 
AP 20 11 0 
AP 20 12 0 
AP 20 13 0 
AP 20 14 0 
AP 20 15 0 
AP 20 16 0 
AP 20 17 0 
AP 20 18 0 
AP 20 19 0 
AP 20 20 0 
AP 20 21 0 
AP 20 22 0 
AP 20 23 0 
AP 20 24 0 
EN