
 IP LIN 

# Theta axis in degrees: 
XA 0.0 5.0 10.0 15.0 20.0 25.0 30.0 35.0 40.0 45.0 50.0 55.0 60.0 65.0 70.0 75.0 80.0 85.0 90.0 90.0001 180.0 
# Energy axis in keV: 
YA 50.0 60.0 80.0 100.0 150.0 200.0 300.0 400.0 500.0 600.0 800.0 1000.0 1022.0 1250.0 1500.0 2000.0 2044.0 3000.0 4000.0 5000.0 6000.0 7000.0 8000.0 9000.0 10000.0 

AP 0 0 0.0758447465561
AP 0 1 0.096741644922
AP 0 2 0.125110582782
AP 0 3 0.145070289682
AP 0 4 0.182733683294
AP 0 5 0.212952220366
AP 0 6 0.261921663063
AP 0 7 0.301733115858
AP 0 8 0.335178242438
AP 0 9 0.363926436384
AP 0 10 0.411634082513
AP 0 11 0.450316449698
AP 0 12 0.454003188789
AP 0 13 0.489860895537
AP 0 14 0.52242043465
AP 0 15 0.572374637522
AP 0 16 0.576192675232
AP 0 17 0.638135778383
AP 0 18 0.679697536168
AP 0 19 0.708246746862
AP 0 20 0.728886868789
AP 0 21 0.744503878096
AP 0 22 0.756649360023
AP 0 23 0.766296744571
AP 0 24 0.774122562268
AP 1 0 0.0751029108496
AP 1 1 0.0958843044161
AP 1 2 0.124123418872
AP 1 3 0.144006851733
AP 1 4 0.181553787229
AP 1 5 0.211700643238
AP 1 6 0.260587754154
AP 1 7 0.300358384632
AP 1 8 0.333784826377
AP 1 9 0.36252718302
AP 1 10 0.410243948965
AP 1 11 0.448949329845
AP 1 12 0.452638941671
AP 1 13 0.488530410506
AP 1 14 0.521129307709
AP 1 15 0.571158800887
AP 1 16 0.574983296915
AP 1 17 0.637044243908
AP 1 18 0.678698096562
AP 1 19 0.707316231454
AP 1 20 0.728008932447
AP 1 21 0.743667212565
AP 1 22 0.755845657899
AP 1 23 0.765519757436
AP 1 24 0.773367587208
AP 2 0 0.0728931462779
AP 2 1 0.0933257047557
AP 2 2 0.121171562421
AP 2 3 0.140823302814
AP 2 4 0.178015340191
AP 2 5 0.207942814763
AP 2 6 0.256576354358
AP 2 7 0.296219725214
AP 2 8 0.329586526095
AP 2 9 0.358308628294
AP 2 10 0.406048919349
AP 2 11 0.444820899707
AP 2 12 0.448518928385
AP 2 13 0.484510009511
AP 2 14 0.517225906448
AP 2 15 0.567480439099
AP 2 16 0.5713242869
AP 2 17 0.633739179623
AP 2 18 0.675670417976
AP 2 19 0.704496457949
AP 2 20 0.725347903211
AP 2 21 0.741130861774
AP 2 22 0.753408932338
AP 2 23 0.763163798818
AP 2 24 0.771078194045
AP 3 0 0.0692640794967
AP 3 1 0.0891077298817
AP 3 2 0.116285670099
AP 3 3 0.135541696092
AP 3 4 0.172123701278
AP 3 5 0.201670889252
AP 3 6 0.249859475885
AP 3 7 0.289274381376
AP 3 8 0.322529483405
AP 3 9 0.351208390995
AP 3 10 0.398974634981
AP 3 11 0.437849118646
AP 3 12 0.441560471872
AP 3 13 0.477711696792
AP 3 14 0.510618773298
AP 3 15 0.561245301083
AP 3 16 0.565121305255
AP 3 17 0.628127251167
AP 3 18 0.670524395318
AP 3 19 0.699700709677
AP 3 20 0.720820100905
AP 3 21 0.736813767556
AP 3 22 0.749260356337
AP 3 23 0.759151933078
AP 3 24 0.767179058552
AP 4 0 0.0643014617226
AP 4 1 0.0833056994583
AP 4 2 0.10952287489
AP 4 3 0.128204896243
AP 4 4 0.163893560424
AP 4 5 0.192876937996
AP 4 6 0.240394240237
AP 4 7 0.279453534468
AP 4 8 0.312525199628
AP 4 9 0.341122746472
AP 4 10 0.388895757496
AP 4 11 0.427894592885
AP 4 12 0.431623003816
AP 4 13 0.467984991862
AP 4 14 0.501150812212
AP 4 15 0.552290563168
AP 4 16 0.556211310518
AP 4 17 0.620046226048
AP 4 18 0.663102892454
AP 4 19 0.69277744778
AP 4 20 0.714279087922
AP 4 21 0.73057393653
AP 4 22 0.743261739152
AP 4 23 0.753349205089
AP 4 24 0.761537989755
AP 5 0 0.0581352401938
AP 5 1 0.0760369105365
AP 5 2 0.100976414002
AP 5 3 0.118886478751
AP 5 4 0.153358523974
AP 5 5 0.181561706
AP 5 6 0.228129575836
AP 5 7 0.266666926281
AP 5 8 0.299453272687
AP 5 9 0.327907701999
AP 5 10 0.375634313738
AP 5 11 0.414756817025
AP 5 12 0.41850411352
AP 5 13 0.455111193439
AP 5 14 0.488592093619
AP 5 15 0.54037575392
AP 5 16 0.544353360529
AP 5 17 0.609254195455
AP 5 18 0.653170396102
AP 5 19 0.68349882094
AP 5 20 0.70550420459
AP 5 21 0.722197069117
AP 5 22 0.735204273145
AP 5 23 0.745551509051
AP 5 24 0.753954916319
AP 6 0 0.0509493149696
AP 6 1 0.0674730214914
AP 6 2 0.0907902118421
AP 6 3 0.107706083289
AP 6 4 0.140586560214
AP 6 5 0.16774914054
AP 6 6 0.213017961417
AP 6 7 0.250811557052
AP 6 8 0.283167218877
AP 6 9 0.311382222479
AP 6 10 0.358958554225
AP 6 11 0.398169590561
AP 6 12 0.401934645842
AP 6 13 0.438795497747
AP 6 14 0.472629496034
AP 6 15 0.52516913195
AP 6 16 0.529214771084
AP 6 17 0.595412861357
AP 6 18 0.640395168396
AP 6 19 0.67154244253
AP 6 20 0.694182290521
AP 6 21 0.711378362822
AP 6 22 0.724790476326
AP 6 23 0.735467689502
AP 6 24 0.744144147608
AP 7 0 0.0429933882338
AP 7 1 0.0578563624992
AP 7 2 0.0791793888952
AP 7 3 0.0948517434664
AP 7 4 0.125703651108
AP 7 5 0.15150948299
AP 7 6 0.19503534376
AP 7 7 0.231787555618
AP 7 8 0.263506275017
AP 7 9 0.291336224748
AP 7 10 0.338584318701
AP 7 11 0.377796990468
AP 7 12 0.381574167503
AP 7 13 0.418657670169
AP 7 14 0.452853305021
AP 7 15 0.506228767219
AP 7 16 0.510351818794
AP 7 17 0.578063119364
AP 7 18 0.624322610446
AP 7 19 0.656463867166
AP 7 20 0.679879865429
AP 7 21 0.697694670174
AP 7 22 0.71160645557
AP 7 23 0.722691966492
AP 7 24 0.731706981962
AP 8 0 0.0345950247954
AP 8 1 0.0475192264699
AP 8 2 0.0664571388672
AP 8 3 0.0806105759418
AP 8 4 0.108928563299
AP 8 5 0.132994764756
AP 8 6 0.174213964578
AP 8 7 0.209526156531
AP 8 8 0.240317961362
AP 8 9 0.267547785082
AP 8 10 0.314182458587
AP 8 11 0.35323248901
AP 8 12 0.357009291044
AP 8 13 0.394222733568
AP 8 14 0.428741244505
AP 8 15 0.482977264783
AP 8 16 0.487183811695
AP 8 17 0.556590003588
AP 8 18 0.604335915239
AP 8 19 0.637655293323
AP 8 20 0.662000974138
AP 8 21 0.680562020158
AP 8 22 0.695079377468
AP 8 23 0.706661495039
AP 8 24 0.716089423508
AP 9 0 0.0261678089833
AP 9 1 0.0369031663862
AP 9 2 0.0530670754591
AP 9 3 0.0654085054584
AP 9 4 0.0906222440508
AP 9 5 0.112492134538
AP 9 6 0.150695729181
AP 9 7 0.184038320062
AP 9 8 0.213500104809
AP 9 9 0.239818001704
AP 9 10 0.285399624364
AP 9 11 0.324007076025
AP 9 12 0.327760557416
AP 9 13 0.364915688357
AP 9 14 0.399642248688
AP 9 15 0.454669658952
AP 9 16 0.45895984092
AP 9 17 0.530172936159
AP 9 18 0.579597955938
AP 9 19 0.61428327193
AP 9 20 0.639722764437
AP 9 21 0.659170117937
AP 9 22 0.674411463528
AP 9 23 0.68659017528
AP 9 24 0.696515986269
AP 10 0 0.018208302634
AP 10 1 0.0265721635251
AP 10 2 0.0396179743662
AP 10 3 0.0498586614188
AP 10 4 0.0713569606484
AP 10 5 0.0905043349234
AP 10 6 0.124821050675
AP 10 7 0.155502037973
AP 10 8 0.183081868305
AP 10 9 0.208043546105
AP 10 10 0.251911724732
AP 10 11 0.289623853799
AP 10 12 0.293315118694
AP 10 13 0.330074898795
AP 10 14 0.364771706535
AP 10 15 0.420361079471
AP 10 16 0.424724401028
AP 10 17 0.497720638034
AP 10 18 0.548969381951
AP 10 19 0.585197657428
AP 10 20 0.611899259793
AP 10 21 0.632383080894
AP 10 22 0.648478925143
AP 10 23 0.661366523227
AP 10 24 0.671886948538
AP 11 0 0.0112642043167
AP 11 1 0.017200382954
AP 11 2 0.0269029245996
AP 11 3 0.0348031248087
AP 11 4 0.0519971656568
AP 11 5 0.0678560978692
AP 11 6 0.0972625385647
AP 11 7 0.124404685983
AP 11 8 0.149364366169
AP 11 9 0.172349743456
AP 11 10 0.213533775802
AP 11 11 0.249641003347
AP 11 12 0.253206836042
AP 11 13 0.289002091102
AP 11 14 0.323231524477
AP 11 15 0.378878699661
AP 11 16 0.383285647971
AP 11 17 0.457781817325
AP 11 18 0.510885583663
AP 11 19 0.548789089174
AP 11 20 0.576907102404
AP 11 21 0.598577797839
AP 11 22 0.615665555274
AP 11 23 0.629384123116
AP 11 24 0.64060670013
AP 12 0 0.00585337940919
AP 12 1 0.00950757290431
AP 12 2 0.0158736741762
AP 12 3 0.0213212509443
AP 12 4 0.0337766639921
AP 12 5 0.0458242684293
AP 12 6 0.0692257500494
AP 12 7 0.0917817328832
AP 12 8 0.113175905306
AP 12 9 0.133348603638
AP 12 10 0.170460216915
AP 12 11 0.203879181837
AP 12 12 0.207219765607
AP 12 13 0.24112165442
AP 12 14 0.274121095502
AP 12 15 0.328848128161
AP 12 16 0.333234992808
AP 12 17 0.408453088297
AP 12 18 0.463193585363
AP 12 19 0.502782072621
AP 12 20 0.532410612614
AP 12 21 0.555390278183
AP 12 22 0.573596214159
AP 12 23 0.588266046272
AP 12 24 0.600301605801
AP 13 0 0.00230835396004
AP 13 1 0.00409350998415
AP 13 2 0.0074988756042
AP 13 3 0.0106248822137
AP 13 4 0.0182933468885
AP 13 5 0.0262271383101
AP 13 6 0.0426926962309
AP 13 7 0.0595679792696
AP 13 8 0.076292417848
AP 13 9 0.0925996773012
AP 13 10 0.123749977002
AP 13 11 0.152886051382
AP 13 12 0.155848894939
AP 13 13 0.186388717219
AP 13 14 0.216874661989
AP 13 15 0.268887418177
AP 13 16 0.273128749032
AP 13 17 0.347342614887
AP 13 18 0.402962678703
AP 13 19 0.443944696456
AP 13 20 0.475003444296
AP 13 21 0.499309699436
AP 13 22 0.518696699558
AP 13 23 0.534399610962
AP 13 24 0.547335857694
AP 14 0 0.000565567132114
AP 14 1 0.00114528398045
AP 14 2 0.00241388764133
AP 14 3 0.00370767548176
AP 14 4 0.00723994768636
AP 14 5 0.0112833540621
AP 14 6 0.0205617862104
AP 14 7 0.0309907396553
AP 14 8 0.0420336054696
AP 14 9 0.0533597615822
AP 14 10 0.0762647462283
AP 14 11 0.098950559139
AP 14 12 0.101317672487
AP 14 13 0.126300417459
AP 14 14 0.152207036014
AP 14 15 0.198346521868
AP 14 16 0.202206961771
AP 14 17 0.271875411248
AP 14 18 0.326452758725
AP 14 19 0.367814597745
AP 14 20 0.39976081557
AP 14 21 0.425103124654
AP 14 22 0.445523121509
AP 14 23 0.462193157089
AP 14 24 0.476011793552
AP 15 0 5.46676449458e-05
AP 15 1 0.000138009665675
AP 15 2 0.000367191495767
AP 15 3 0.00064493662245
AP 15 4 0.00155226295866
AP 15 5 0.00277895856942
AP 15 6 0.00610859945106
AP 15 7 0.010466127329
AP 15 8 0.0156138792778
AP 15 9 0.0213552870068
AP 15 10 0.0341257879558
AP 15 11 0.0480303568515
AP 15 12 0.0495439795302
AP 15 13 0.066163739215
AP 15 14 0.0845219432207
AP 15 15 0.119643829337
AP 15 16 0.122709354878
AP 15 17 0.180978533229
AP 15 18 0.230093000646
AP 15 19 0.26909194975
AP 15 20 0.300174937253
AP 15 21 0.325394060611
AP 15 22 0.34606084283
AP 15 23 0.3631538506
AP 15 24 0.377470198082
AP 16 0 5.79257128537e-07
AP 16 1 2.24591969255e-06
AP 16 2 9.40344330986e-06
AP 16 3 2.14414627021e-05
AP 16 4 7.75248645797e-05
AP 16 5 0.000181778705334
AP 16 6 0.000575560231883
AP 16 7 0.00126556203512
AP 16 8 0.00227248504777
AP 16 9 0.00359340935753
AP 16 10 0.00713523793483
AP 16 11 0.0117656481597
AP 16 12 0.0123121643965
AP 16 13 0.0188006104722
AP 16 14 0.0269027579651
AP 16 15 0.0447347020486
AP 16 16 0.0464218827475
AP 16 17 0.0819708902152
AP 16 18 0.116479871211
AP 16 19 0.146471696504
AP 16 20 0.171879339233
AP 16 21 0.193415779274
AP 16 22 0.211653588833
AP 16 23 0.227125150342
AP 16 24 0.240346373171
AP 17 0 3.38343041938e-12
AP 17 1 4.08981713776e-11
AP 17 2 5.69404246426e-10
AP 17 3 2.59271784236e-09
AP 17 4 2.75620066566e-08
AP 17 5 1.32117946115e-07
AP 17 6 1.10030824921e-06
AP 17 7 4.68638075025e-06
AP 17 8 1.37520260525e-05
AP 17 9 3.19415558153e-05
AP 17 10 0.000112777980667
AP 17 11 0.000282936079913
AP 17 12 0.000307576055933
AP 17 13 0.000669956139331
AP 17 14 0.00129495456029
AP 17 15 0.0032992367029
AP 17 16 0.0035316913276
AP 17 17 0.0100489804091
AP 17 18 0.0191756922576
AP 17 19 0.0292244092562
AP 17 20 0.039219971843
AP 17 21 0.0487297491388
AP 17 22 0.0575128180746
AP 17 23 0.0654807466343
AP 17 24 0.0726615042669
AP 18 0 4.07586546293e-43
AP 18 1 4.07411915846e-39
AP 18 2 6.86501016304e-35
AP 18 3 1.86002024947e-32
AP 18 4 1.15652649201e-28
AP 18 5 3.78880682111e-26
AP 18 6 9.55885835033e-23
AP 18 7 2.02334997104e-20
AP 18 8 1.08099992985e-18
AP 18 9 2.4341091684e-17
AP 18 10 2.57625063804e-15
AP 18 11 7.71272919432e-14
AP 18 12 1.05008019047e-13
AP 18 13 1.86487130017e-12
AP 18 14 2.12976462691e-11
AP 18 15 6.74982785609e-10
AP 18 16 8.68092417741e-10
AP 18 17 4.13845643266e-08
AP 18 18 4.50716580198e-07
AP 18 19 2.13875347245e-06
AP 18 20 6.34313138583e-06
AP 18 21 1.41495002886e-05
AP 18 22 2.61040629581e-05
AP 18 23 4.21643919225e-05
AP 18 24 6.19367453116e-05
AP 19 0 0 
AP 19 1 0 
AP 19 2 0 
AP 19 3 0 
AP 19 4 0 
AP 19 5 0 
AP 19 6 0 
AP 19 7 0 
AP 19 8 0 
AP 19 9 0 
AP 19 10 0 
AP 19 11 0 
AP 19 12 0 
AP 19 13 0 
AP 19 14 0 
AP 19 15 0 
AP 19 16 0 
AP 19 17 0 
AP 19 18 0 
AP 19 19 0 
AP 19 20 0 
AP 19 21 0 
AP 19 22 0 
AP 19 23 0 
AP 19 24 0 
AP 20 0 0 
AP 20 1 0 
AP 20 2 0 
AP 20 3 0 
AP 20 4 0 
AP 20 5 0 
AP 20 6 0 
AP 20 7 0 
AP 20 8 0 
AP 20 9 0 
AP 20 10 0 
AP 20 11 0 
AP 20 12 0 
AP 20 13 0 
AP 20 14 0 
AP 20 15 0 
AP 20 16 0 
AP 20 17 0 
AP 20 18 0 
AP 20 19 0 
AP 20 20 0 
AP 20 21 0 
AP 20 22 0 
AP 20 23 0 
AP 20 24 0 
EN